0.098355
0.10216
NaN
0.065935
NaN
NaN
0.087176
NaN
NaN
0.065763
NaN
NaN
0.096027
0.10817
NaN
NaN
NaN
0.095054
NaN
0.085618
NaN
0.074399
0.06663
NaN
0.057145
NaN
NaN
0.097273
NaN
0.087068
0.099341
0.11097
NaN
0.10361
0.10138
0.080656
NaN
0.11243
0.082574
NaN
0.10251
NaN
0.080171
0.069971
NaN
0.073506
NaN
NaN
0.074704
0.11265
0.10433
0.078063
0.12421
NaN
0.11086
0.10924
0.060364
0.088082
0.10244
0.086226
NaN
0.060182
NaN
0.063136
0.066262
0.091599
0.059468
NaN
NaN
0.083081
0.067946
0.086694
0.091867
0.11453
NaN
0.078215
0.11242
0.085692
0.07972
0.086726
0.080581
NaN
0.092919
NaN
0.054666
0.067784
NaN
0.063056
NaN
NaN
0.083436
0.058754
0.068395
0.10589
0.070121
NaN
0.074379
0.090295
NaN
0.086836
0.090029
0.069991
NaN
0.074509
NaN
NaN
NaN
NaN
NaN
NaN
NaN
NaN
NaN
NaN
NaN
NaN
NaN
NaN
NaN
NaN
NaN
NaN
NaN
NaN
NaN
NaN
NaN
NaN
NaN
NaN
NaN
NaN
NaN
NaN
NaN
NaN
NaN
NaN
NaN
NaN
NaN
NaN
NaN
NaN
NaN
NaN
NaN
NaN
NaN
NaN
NaN
NaN
NaN
NaN
NaN
NaN
NaN
NaN
NaN
NaN
NaN
NaN
NaN
NaN
NaN
NaN
NaN
NaN
NaN
NaN
NaN
NaN
NaN
NaN
NaN
NaN
NaN
NaN
NaN
NaN
NaN
NaN
NaN
NaN
NaN
NaN
NaN
NaN
NaN
0.10091
0.072209
NaN
0.078161
NaN
NaN
0.09213
NaN
0.11986
0.085886
0.14123
NaN
0.10032
0.13552
0.10575
NaN
0.13239
0.08465
NaN
0.089556
NaN
0.077022
0.08044
NaN
0.070793
NaN
NaN
0.084696
0.070955
0.11054
0.11508
0.086047
NaN
0.074828
0.089652
0.1028
0.074749
0.11274
0.10746
NaN
0.07147
NaN
0.073757
0.083104
0.091412
0.10004
NaN
NaN
0.092645
0.10022
0.087127
0.078071
0.096176
NaN
0.10016
0.084294
0.081642
0.072175
0.065893
0.11157
NaN
0.0717
NaN
0.063745
0.058613
NaN
0.051691
NaN
NaN
0.079576
0.07462
0.08221
0.083237
0.084559
NaN
0.09371
0.11832
NaN
0.079022
0.07317
0.10681
NaN
0.079659
NaN
NaN
NaN
NaN
NaN
NaN
NaN
NaN
NaN
NaN
NaN
NaN
NaN
NaN
NaN
NaN
NaN
NaN
NaN
NaN
NaN
NaN
NaN
NaN
NaN
NaN
NaN
NaN
NaN
NaN
NaN
NaN
NaN
NaN
NaN
NaN
NaN
NaN
NaN
NaN
NaN
NaN
NaN
NaN
NaN
NaN
NaN
NaN
NaN
NaN
NaN
NaN
NaN
NaN
NaN
NaN
NaN
NaN
NaN
NaN
NaN
NaN
NaN
NaN
NaN
NaN
NaN
NaN
NaN
NaN
NaN
NaN
NaN
NaN
NaN
NaN
NaN
NaN
NaN
NaN
NaN
NaN
NaN
NaN
NaN
NaN
NaN
NaN
NaN
NaN
NaN
NaN
NaN
NaN
NaN
NaN
NaN
NaN
NaN
NaN
NaN
NaN
NaN
NaN
NaN
NaN
0.1103
NaN
NaN
NaN
0.065729
0.12641
0.097603
0.078637
0.08479
0.090771
NaN
NaN
0.092147
0.075873
0.086705
NaN
NaN
0.062392
NaN
0.063339
NaN
0.090108
NaN
NaN
0.078889
0.057413
0.080352
0.079156
0.081711
0.073256
0.10562
0.092705
NaN
0.089053
0.073259
0.066599
0.12735
NaN
0.062287
0.095711
0.088762
NaN
0.096799
NaN
0.08496
0.075409
0.0765
0.097263
0.070867
0.066307
0.068496
0.099196
0.12049
0.11126
0.092479
0.087901
0.056701
0.066763
NaN
0.062878
0.093595
0.084818
NaN
0.072279
NaN
NaN
0.071357
0.065147
0.098907
0.096706
0.079563
0.067851
0.078029
0.10874
0.07838
0.064531
0.054251
0.065771
0.083752
NaN
0.052961
0.10328
0.078552
NaN
0.09651
0.10596
NaN
0.068563
0.07607
0.075665
0.070014
0.065223
0.0635
0.071713
0.065873
0.11413
0.12602
0.061266
0.04437
0.10945
NaN
0.064455
0.10606
0.056693
NaN
NaN
NaN
NaN
NaN
NaN
NaN
NaN
NaN
NaN
NaN
NaN
NaN
NaN
NaN
NaN
NaN
NaN
NaN
NaN
NaN
NaN
NaN
NaN
NaN
NaN
NaN
NaN
NaN
NaN
NaN
NaN
NaN
NaN
NaN
NaN
NaN
NaN
NaN
NaN
NaN
NaN
NaN
NaN
NaN
NaN
NaN
NaN
NaN
NaN
NaN
NaN
NaN
NaN
NaN
NaN
NaN
NaN
NaN
NaN
NaN
NaN
NaN
NaN
NaN
NaN
NaN
NaN
NaN
NaN
NaN
NaN
NaN
NaN
NaN
NaN
NaN
NaN
NaN
NaN
NaN
NaN
NaN
NaN
NaN
0.099605
NaN
NaN
0.091821
0.086964
0.10412
0.10309
0.073346
0.09647
0.10119
0.10996
NaN
0.085112
0.062098
0.058432
0.1028
NaN
0.076353
0.11769
0.1067
NaN
0.087858
NaN
0.14229
0.08127
0.08318
0.071011
0.078665
0.085902
0.077935
0.091591
0.1309
0.092635
0.096258
0.098324
0.067341
0.085636
NaN
0.061747
0.11927
0.088406
NaN
0.074588
NaN
NaN
0.083332
0.076525
0.094014
0.081502
0.086239
0.083659
0.077694
0.10285
0.11425
0.089383
0.062554
0.068631
0.11634
NaN
0.069174
0.090672
0.090812
NaN
0.091988
0.075877
NaN
0.074073
0.080227
0.077322
0.087525
0.063664
0.085818
0.087671
0.10675
0.10162
0.073401
0.070633
0.053277
0.11925
NaN
0.07641
0.08264
0.10026
NaN
NaN
NaN
NaN
NaN
NaN
NaN
NaN
NaN
NaN
NaN
NaN
NaN
NaN
NaN
NaN
NaN
NaN
NaN
NaN
NaN
NaN
NaN
NaN
NaN
NaN
NaN
NaN
NaN
NaN
NaN
NaN
NaN
NaN
NaN
NaN
NaN
NaN
NaN
NaN
NaN
NaN
NaN
NaN
NaN
NaN
NaN
NaN
NaN
NaN
NaN
NaN
NaN
NaN
NaN
NaN
NaN
NaN
NaN
NaN
NaN
NaN
NaN
NaN
NaN
NaN
NaN
NaN
NaN
NaN
NaN
NaN
NaN
NaN
NaN
NaN
NaN
NaN
NaN
NaN
NaN
NaN
NaN
NaN
NaN
NaN
NaN
NaN
NaN
NaN
NaN
NaN
NaN
NaN
NaN
NaN
NaN
NaN
NaN
NaN
NaN
NaN
NaN
NaN
NaN
NaN
NaN
0.061118
NaN
NaN
NaN
NaN
NaN
NaN
NaN
NaN
0.080076
NaN
0.094237
0.067204
0.07003
0.08717
NaN
0.1081
0.10726
0.081282
NaN
0.0812
0.10009
0.087724
NaN
0.084225
0.071686
0.076929
0.065717
0.081647
0.088053
0.085234
NaN
0.10018
0.069621
0.068268
NaN
0.085376
NaN
NaN
0.092368
NaN
0.087832
0.060503
0.06971
NaN
0.078399
0.072113
0.07146
NaN
0.076278
0.085887
0.08815
NaN
0.078504
0.059912
0.067127
0.070469
0.093178
0.097884
0.10463
0.066624
NaN
0.089016
0.097813
0.092674
0.08912
0.10246
0.10062
0.083209
NaN
0.082172
0.07203
0.090442
NaN
0.11298
0.067045
0.07824
0.062294
0.10588
0.097934
0.099475
0.080503
NaN
0.089979
0.062036
0.06539
0.10507
0.093358
0.093845
0.073989
NaN
0.050349
0.076519
0.099636
NaN
0.081415
0.060438
0.075074
0.083637
0.09278
0.086958
0.090833
0.061243
NaN
0.080043
0.11626
0.065823
0.066512
0.080359
0.064958
0.087125
NaN
0.063619
0.081621
0.08176
NaN
0.069639
0.052997
0.05195
0.046741
0.075416
0.086322
0.10727
0.065262
NaN
0.081765
0.083179
0.07978
0.09809
0.088916
0.096956
0.06657
NaN
0.059307
0.069837
0.093958
NaN
0.063511
0.047224
0.064632
0.041692
0.088814
NaN
0.079428
0.05997
NaN
0.058865
0.058819
0.075076
0.06869
0.075246
0.06366
0.080482
0.088319
0.049159
0.060403
0.12088
NaN
0.077964
0.056702
0.075916
0.085989
0.067523
0.074705
0.11415
0.061637
NaN
0.069472
0.083471
0.069818
0.084023
0.081945
0.070282
0.066574
0.055153
0.057807
0.045995
0.12044
NaN
0.07029
0.059875
0.066508
0.060801
0.06157
0.072197
0.1054
0.051356
NaN
0.093225
0.07949
0.11134
NaN
0.067915
0.12604
0.082121
0.092537
0.095492
0.067535
0.1394
NaN
0.09834
0.074363
0.086139
NaN
0.12076
NaN
NaN
0.083275
NaN
0.093646
0.093434
0.093932
NaN
0.10064
0.11863
0.066919
NaN
0.074352
0.080421
0.099426
NaN
0.090218
0.068876
0.086356
0.082323
0.080729
0.080642
0.095492
0.094263
NaN
0.11107
0.096859
0.10213
0.098135
0.1142
0.066754
0.059404
NaN
0.066848
0.065767
0.075703
NaN
0.072234
0.068056
0.084181
0.083189
0.09324
0.10178
0.12206
0.10778
NaN
0.08901
0.079948
0.094312
0.14032
0.094354
0.069779
0.0772
NaN
0.070325
0.092711
0.069107
NaN
0.072351
0.059629
0.079663
0.066863
0.088362
0.10153
0.10603
0.067737
NaN
0.078763
0.10448
0.09071
0.12161
0.089255
0.087214
0.098161
NaN
0.077935
0.065546
0.074899
NaN
0.074302
0.061783
0.067032
0.064367
0.12123
0.090425
0.10248
0.072617
NaN
0.097529
0.07604
0.10507
0.083048
0.11343
0.088421
0.072675
NaN
0.051251
0.090994
0.084623
NaN
0.086936
0.063251
0.08091
0.067038
0.10314
NaN
0.11856
0.073603
NaN
0.1079
0.087923
0.074424
0.089792
0.07049
0.081777
0.06477
0.072159
0.055296
0.063272
0.088918
NaN
0.068704
0.066215
0.064997
0.073385
0.081022
0.084722
0.077027
0.067689
NaN
0.091515
0.10967
0.11069
0.10001
0.079046
0.057546
0.085167
0.10957
0.053793
0.073846
0.081786
NaN
0.048031
0.060061
0.073011
0.082962
0.094274
0.084538
0.10463
0.064212
NaN
0.06353
0.081343
0.060883
0.064428
0.094234
0.064269
NaN
0.076289
0.049008
0.06795
0.10694
NaN
0.068127
0.056675
0.090828
0.09628
0.073334
0.064101
0.1202
0.068145
NaN
