0.062674
-0.053837
NaN
-0.025757
NaN
NaN
-0.052673
NaN
NaN
-0.0075386
NaN
NaN
-0.057585
-0.13027
NaN
NaN
NaN
-0.071953
NaN
-0.049019
NaN
0.0078035
-0.016953
NaN
0.011655
NaN
NaN
-0.014493
NaN
0.00568
-0.0029875
0.042854
NaN
0.030555
-0.099283
-0.03588
NaN
-0.048588
-0.056667
NaN
-0.023469
NaN
-0.015473
-0.014157
NaN
-0.0095024
NaN
NaN
-0.0020354
-0.069503
-0.0031897
-0.031438
0.063097
NaN
-0.026166
0.054833
0.0084253
-0.016787
-0.040926
-0.0004822
NaN
-0.057764
NaN
-0.029306
0.0060018
-0.018648
0.046034
NaN
NaN
0.051387
0.012193
-0.0052402
-0.012908
0.039753
NaN
0.011624
0.016531
0.029139
-0.036871
-0.0079674
0.014731
NaN
0.0018697
NaN
-0.045293
0.050974
NaN
0.028121
NaN
NaN
0.034003
-0.010554
0.0021743
0.0034679
-0.010981
NaN
0.037315
0.0096155
NaN
0.029638
0.00018852
0.09329
NaN
-0.026283
NaN
NaN
NaN
NaN
NaN
NaN
NaN
NaN
NaN
NaN
NaN
NaN
NaN
NaN
NaN
NaN
NaN
NaN
NaN
NaN
NaN
NaN
NaN
NaN
NaN
NaN
NaN
NaN
NaN
NaN
NaN
NaN
NaN
NaN
NaN
NaN
NaN
NaN
NaN
NaN
NaN
NaN
NaN
NaN
NaN
NaN
NaN
NaN
NaN
NaN
NaN
NaN
NaN
NaN
NaN
NaN
NaN
NaN
NaN
NaN
NaN
NaN
NaN
NaN
NaN
NaN
NaN
NaN
NaN
NaN
NaN
NaN
NaN
NaN
NaN
NaN
NaN
NaN
NaN
NaN
NaN
NaN
NaN
NaN
NaN
0.038384
-0.012778
NaN
-0.045513
NaN
NaN
-0.049114
NaN
0.016488
-0.0027728
0.035006
NaN
0.047182
-0.06945
-0.081121
NaN
-0.028194
-0.064249
NaN
-0.024708
NaN
0.0018114
-0.0575
NaN
-0.042105
NaN
NaN
0.0050172
-0.010995
0.032114
-0.074683
0.053311
NaN
-0.028657
-0.034204
-0.0099546
-0.017684
-0.018914
-0.055965
NaN
-0.010215
NaN
-0.020863
-0.03564
-0.054491
-0.030103
NaN
NaN
0.014565
-0.0071761
0.010089
0.00046947
-0.0043622
NaN
0.0095302
0.037483
-0.0093012
-0.0030411
-0.036586
0.017217
NaN
-0.022592
NaN
0.010343
0.020897
NaN
-0.0099609
NaN
NaN
0.029327
-0.01655
-0.023861
0.028355
0.019692
NaN
0.017043
-0.020817
NaN
-0.0030437
-0.013984
0.026574
NaN
0.0074532
NaN
NaN
NaN
NaN
NaN
NaN
NaN
NaN
NaN
NaN
NaN
NaN
NaN
NaN
NaN
NaN
NaN
NaN
NaN
NaN
NaN
NaN
NaN
NaN
NaN
NaN
NaN
NaN
NaN
NaN
NaN
NaN
NaN
NaN
NaN
NaN
NaN
NaN
NaN
NaN
NaN
NaN
NaN
NaN
NaN
NaN
NaN
NaN
NaN
NaN
NaN
NaN
NaN
NaN
NaN
NaN
NaN
NaN
NaN
NaN
NaN
NaN
NaN
NaN
NaN
NaN
NaN
NaN
NaN
NaN
NaN
NaN
NaN
NaN
NaN
NaN
NaN
NaN
NaN
NaN
NaN
NaN
NaN
NaN
NaN
NaN
NaN
NaN
NaN
NaN
NaN
NaN
NaN
NaN
NaN
NaN
NaN
NaN
NaN
NaN
NaN
NaN
NaN
NaN
NaN
NaN
0.015634
NaN
NaN
NaN
-0.080485
0.046045
0.0013264
0.026867
0.073855
-0.03767
NaN
NaN
-0.063181
0.018842
0.041396
NaN
NaN
-0.023321
NaN
-0.013561
NaN
-0.0060455
NaN
NaN
0.01636
-0.0082144
0.020386
-0.010758
-0.032585
0.028017
-0.0055755
0.063891
NaN
-0.0024629
0.012092
0.0019964
-0.050993
NaN
0.0066444
0.013381
-0.047245
NaN
-0.0093203
NaN
0.062496
-0.0092045
0.051461
-0.0048127
0.030063
-0.022158
-0.05016
-0.0024679
-0.054168
0.010202
-0.031925
-0.041832
-0.06252
-0.031575
NaN
-0.0048105
0.016965
-0.042946
NaN
0.026014
NaN
NaN
-0.043914
0.02226
-0.014294
-0.019046
-0.045023
0.0036099
-0.010347
-0.01086
-0.027382
0.06124
0.028273
-0.033525
0.020688
NaN
0.00035378
-0.026742
0.0027547
NaN
0.021852
0.010944
NaN
-0.03405
0.008213
-0.016175
0.0026959
-0.012357
-0.020988
-0.033524
0.014219
-0.0076199
-0.00093267
-0.013411
-0.099008
-0.0048474
NaN
-0.034722
-0.048221
0.040532
NaN
NaN
NaN
NaN
NaN
NaN
NaN
NaN
NaN
NaN
NaN
NaN
NaN
NaN
NaN
NaN
NaN
NaN
NaN
NaN
NaN
NaN
NaN
NaN
NaN
NaN
NaN
NaN
NaN
NaN
NaN
NaN
NaN
NaN
NaN
NaN
NaN
NaN
NaN
NaN
NaN
NaN
NaN
NaN
NaN
NaN
NaN
NaN
NaN
NaN
NaN
NaN
NaN
NaN
NaN
NaN
NaN
NaN
NaN
NaN
NaN
NaN
NaN
NaN
NaN
NaN
NaN
NaN
NaN
NaN
NaN
NaN
NaN
NaN
NaN
NaN
NaN
NaN
NaN
NaN
NaN
NaN
NaN
NaN
NaN
-0.0058915
NaN
NaN
0.010455
-0.046754
-0.048407
0.01125
0.038032
0.047153
-0.014639
0.029352
NaN
-0.01736
0.0045674
0.0033449
0.055405
NaN
0.008049
-0.11333
-0.018752
NaN
-0.043621
NaN
0.15485
-0.017968
0.01442
0.0028666
-0.02558
-0.033102
-0.045831
0.03448
0.023388
0.0044209
-0.010808
-0.033344
0.020396
-0.061156
NaN
0.017899
-0.018422
-0.042397
NaN
0.037084
NaN
NaN
-0.031657
0.0056557
0.010119
-0.0193
-0.019507
-0.015292
0.020004
-0.0028941
0.045261
-0.022056
0.011648
0.035113
0.053817
NaN
0.017332
-0.06343
0.0056148
NaN
0.050216
-0.0037058
NaN
-0.0092928
-0.00044563
-0.036485
-0.0056852
0.00015062
-0.027649
0.0053077
0.030254
0.031132
0.047019
-0.011034
-0.071929
0.015632
NaN
-0.020442
-0.038389
-0.0075079
NaN
NaN
NaN
NaN
NaN
NaN
NaN
NaN
NaN
NaN
NaN
NaN
NaN
NaN
NaN
NaN
NaN
NaN
NaN
NaN
NaN
NaN
NaN
NaN
NaN
NaN
NaN
NaN
NaN
NaN
NaN
NaN
NaN
NaN
NaN
NaN
NaN
NaN
NaN
NaN
NaN
NaN
NaN
NaN
NaN
NaN
NaN
NaN
NaN
NaN
NaN
NaN
NaN
NaN
NaN
NaN
NaN
NaN
NaN
NaN
NaN
NaN
NaN
NaN
NaN
NaN
NaN
NaN
NaN
NaN
NaN
NaN
NaN
NaN
NaN
NaN
NaN
NaN
NaN
NaN
NaN
NaN
NaN
NaN
NaN
NaN
NaN
NaN
NaN
NaN
NaN
NaN
NaN
NaN
NaN
NaN
NaN
NaN
NaN
NaN
NaN
NaN
NaN
NaN
NaN
NaN
NaN
0.0075679
NaN
NaN
NaN
NaN
NaN
NaN
NaN
NaN
0.077071
NaN
0.015402
0.0074149
-0.03661
-0.041436
NaN
0.047938
0.05373
0.057962
NaN
-0.010365
0.055463
-0.00072375
NaN
0.07053
-0.015886
0.029795
0.052339
-0.025193
0.010979
-0.0012583
NaN
-0.024729
0.0068002
0.00084621
NaN
-0.048111
NaN
NaN
-0.046208
NaN
0.050424
-0.047857
0.014808
NaN
0.049521
0.0079861
-0.0044431
NaN
-0.028438
-0.047569
-0.04605
NaN
-0.01197
0.0041649
-0.027047
-0.062256
-0.05158
-0.0044858
-0.0042646
-0.015133
NaN
0.025876
0.058388
-0.04398
-0.0029796
0.022461
0.0020999
0.033197
NaN
0.015829
0.00028192
-0.045545
NaN
-0.050106
0.0091839
0.020256
-0.0095702
-0.045874
-0.035214
-0.016652
-0.016978
NaN
0.025279
-0.014474
-0.025147
-0.013142
-0.067779
0.0049123
0.024432
NaN
0.027576
0.0043779
0.053849
NaN
0.010687
0.01434
0.0058115
0.0071549
-0.0085992
-0.026696
0.034375
-0.032007
NaN
0.013315
0.038678
-0.039131
0.0079419
-0.045453
-0.0018872
-0.0021287
NaN
0.0061144
-0.025388
0.058761
NaN
0.016162
-0.0019396
0.0243
-0.039257
0.049273
-0.032073
0.018843
0.012505
NaN
-0.058697
0.02504
-0.031466
-0.046415
0.0051347
-0.0071228
0.030062
NaN
0.036074
0.022248
0.010074
NaN
0.026321
-0.012135
0.019282
-0.055886
0.061326
NaN
-0.0094738
0.019912
NaN
-0.028842
-0.04718
-9.7251e-05
0.049298
0.036341
0.0088078
-0.021627
-0.025026
0.030814
0.074257
0.027748
NaN
0.01578
-0.010507
0.018018
-0.014851
0.066847
-0.0048356
0.017394
0.046191
NaN
-0.04732
-0.027072
0.041437
0.032079
-0.010323
-0.0034013
0.024374
-0.019992
0.032151
0.04968
0.026504
NaN
-0.018831
0.0025432
0.036719
-0.041582
0.093628
-0.0048376
0.081217
0.00051159
NaN
0.013096
0.063398
-0.11057
NaN
0.045599
0.024645
-0.01522
0.019319
-0.062442
0.013408
-0.016611
NaN
0.022228
-0.023163
-0.060985
NaN
-0.091833
NaN
NaN
0.027184
NaN
0.066625
0.004721
-0.0036792
NaN
0.0074427
0.01038
-0.097004
NaN
-0.092873
0.054842
-0.028018
NaN
-0.050463
0.029764
-0.014369
-0.0088159
-0.1145
0.0028475
0.0013418
-0.022123
NaN
0.04291
0.042843
-0.0061823
-0.0031132
0.059194
-0.0078799
0.0026155
NaN
0.0042398
-0.0051281
-0.10652
NaN
-0.018597
0.025896
-0.036445
-0.031047
-0.11967
0.024506
-0.034718
-0.0056628
NaN
0.093097
-0.02548
-0.035994
-0.012407
-0.034137
-0.020443
0.0023413
NaN
-0.018246
-0.021823
0.024208
NaN
0.0030315
0.016032
-0.027896
-0.0018788
-0.035197
-0.013834
-0.023469
-0.048762
NaN
0.021964
-0.00016119
-0.082245
-0.080174
-0.044443
0.010838
-0.030494
NaN
-0.0044032
-0.047069
0.0641
NaN
0.0038786
0.0171
-0.02709
0.012983
-0.012556
0.0034321
0.0034167
0.029698
NaN
0.024272
-0.028533
-0.042517
0.016869
-0.019266
0.032078
-0.019232
NaN
0.057075
-0.016844
0.044525
NaN
0.008211
-0.0098252
0.014463
-0.006075
0.027361
NaN
0.00046393
0.011224
NaN
-0.041701
0.036087
0.0015245
-0.048783
0.039857
0.029686
-0.011797
-0.0030572
0.023303
0.022198
0.032373
NaN
0.010292
-0.00064127
-0.0013899
-0.035446
0.051712
-0.024332
-0.011183
0.040171
NaN
-0.065065
0.035469
-0.023238
-0.0021785
0.016187
-0.040841
0.014
0.017741
0.033566
0.044646
0.065227
NaN
0.053797
0.00062831
0.013666
0.034689
0.057762
-0.046169
0.00013638
0.043383
NaN
-0.066988
-0.0074673
0.014764
0.0020673
-0.011338
-0.026191
NaN
0.016385
0.036297
-0.044441
-0.019673
NaN
0.0474
0.0026603
0.0020279
0.006983
0.062784
-0.022914
0.074762
0.02022
NaN
