0.0038149,75,1,1
0.0038629,150,1,1
0.0064982,175,1,1
0.003827,200,1,1
0.0062446,25,1,2
0.0055593,50,1,2
0.0021908,75,1,2
0.0045271,150,1,2
0.0044074,175,1,2
0.009526,200,1,2
0.0058972,50,1,3
0.0071863,75,1,3
0.0045258,150,1,3
0.0052562,175,1,3
0.0021617,200,1,3
0.0023047,150,1,4
0.0018909,175,1,4
0.0067962,200,1,4
0.0036121,50,1,5
0.0051671,75,1,5
0.0040673,150,1,5
0.0058185,175,1,5
0.006737,200,1,5
0.0039373,50,1,6
0.0016368,75,1,6
0.0068319,175,1,6
0.0030521,200,1,6
0.0074159,25,1,7
0.0063874,50,1,7
0.0025611,75,1,7
0.0042606,150,1,7
0.0036041,175,1,7
0.0081391,200,1,7
0.0032867,150,1,8
0.0031177,50,1,10
0.0024147,75,1,10
0.0039306,150,1,10
0.0026779,175,1,10
0.0030333,200,1,10
0.0072239,75,1,11
0.003269,150,1,11
0.0033695,175,1,11
0.0015501,200,1,11
0.0040352,50,1,12
0.0024385,75,1,12
0.0085772,150,1,12
0.0034439,175,1,12
0.0054676,200,1,12
0.0040388,25,1,13
0.0045833,50,1,13
0.0023062,75,1,13
0.0035389,150,1,13
0.0023233,175,1,13
0.0041591,200,1,13
0.0061495,25,1,14
0.0043936,50,1,14
0.0034183,75,1,14
0.0028107,150,1,14
0.0036359,175,1,14
0.0032086,200,1,14
0.007309,50,1,17
0.0048586,175,1,17
0.0031204,200,1,17
0.0042844,50,1,21
0.0061303,75,1,21
0.0054175,150,1,21
0.0024643,175,1,21
0.0021462,25,2,22
0.0064431,50,2,22
0.0040566,75,2,22
0.0039514,100,2,22
0.00085197,125,2,22
0.0021004,150,2,22
0.0031127,175,2,22
0.0040112,200,2,22
0.0046457,225,2,22
0.0021723,250,2,22
0.0016746,275,2,22
0.001831,300,2,22
0.0027658,325,2,22
0.0031399,350,2,22
0.0026629,375,2,22
0.0036126,400,2,22
0.0029337,425,2,22
0.0018783,450,2,22
0.0039899,475,2,22
0.002158,550,2,22
0.0037313,575,2,22
0.0020388,600,2,22
0.0028236,625,2,22
0.0032809,650,2,22
0.0011242,675,2,22
0.0023268,700,2,22
0.0019866,725,2,22
0.0018456,750,2,22
0.0021182,775,2,22
0.0020543,800,2,22
0.0027587,825,2,22
0.0012253,850,2,22
0.0018362,875,2,22
0.0015492,900,2,22
0.0018187,925,2,22
0.0011803,950,2,22
0.0013148,975,2,22
0.0016087,1000,2,22
0.0046736,25,2,23
0.0022,50,2,23
0.0067967,75,2,23
0.0020671,100,2,23
0.0032183,125,2,23
0.0026648,150,2,23
0.004926,175,2,23
0.0041596,200,2,23
0.0035658,225,2,23
0.0018208,250,2,23
0.0011175,275,2,23
0.0028875,300,2,23
0.00099993,325,2,23
0.0021707,350,2,23
0.0021037,375,2,23
0.0020625,400,2,23
0.0029777,425,2,23
0.0023639,450,2,23
0.0040133,475,2,23
0.0044591,550,2,23
0.0026841,575,2,23
0.0025019,600,2,23
0.0030664,625,2,23
0.0018947,650,2,23
0.0027202,675,2,23
0.0022606,700,2,23
0.0033601,725,2,23
0.0026515,750,2,23
0.0026182,775,2,23
0.001545,800,2,23
0.0018064,825,2,23
0.0022795,850,2,23
0.001062,875,2,23
0.0011992,900,2,23
0.0011692,925,2,23
0.0016311,950,2,23
0.0020728,975,2,23
0.0017978,1000,2,23
0.0036553,375,2,24
0.0047386,475,2,24
0.0013561,575,2,24
0.0058759,600,2,24
0.0032824,625,2,24
0.0038322,650,2,24
0.0025185,675,2,24
0.0030281,700,2,24
0.0054031,725,2,24
0.0041253,750,2,24
0.0032699,775,2,24
0.0032133,800,2,24
0.0015134,850,2,24
0.002149,875,2,24
0.0039748,900,2,24
0.0044937,925,2,24
0.0051962,950,2,24
0.0038104,975,2,24
0.0024776,1000,2,24
0.0061738,25,2,25
0.0026135,50,2,25
0.002398,75,2,25
0.0026976,100,2,25
0.0019123,125,2,25
0.0048317,150,2,25
0.001422,175,2,25
0.0031659,225,2,25
0.0011776,250,2,25
0.0025734,275,2,25
0.0019185,300,2,25
0.0038243,325,2,25
0.0019411,350,2,25
0.0020823,375,2,25
0.0021183,400,2,25
0.0013216,425,2,25
0.0025363,450,2,25
0.0020445,475,2,25
0.0025799,550,2,25
0.0025536,575,2,25
0.0021674,600,2,25
0.0060712,625,2,25
0.0017737,650,2,25
0.001326,675,2,25
0.0013575,700,2,25
0.003261,725,2,25
0.0015293,750,2,25
0.0010321,775,2,25
0.0019142,800,2,25
0.00083144,825,2,25
0.0011696,850,2,25
0.0053536,875,2,25
0.0010557,900,2,25
0.0018276,925,2,25
0.0019878,950,2,25
0.0018901,975,2,25
0.0014966,1000,2,25
0.0090627,50,2,26
0.003767,75,2,26
0.0034007,100,2,26
0.0064227,150,2,26
0.003925,175,2,26
0.0077767,200,2,26
0.0063223,225,2,26
0.0027911,250,2,26
0.0025446,275,2,26
0.0048152,300,2,26
0.002095,325,2,26
0.0024465,350,2,26
0.0064719,425,2,26
0.0030269,450,2,26
0.0036484,475,2,26
0.0045637,550,2,26
0.0042259,575,2,26
0.0061612,600,2,26
0.0030594,650,2,26
0.0053339,675,2,26
0.0051262,700,2,26
0.0022739,725,2,26
0.003441,750,2,26
0.0036665,775,2,26
0.0034177,800,2,26
0.0025618,825,2,26
0.0028789,850,2,26
0.0036375,875,2,26
0.0037857,900,2,26
0.0034803,925,2,26
0.0060769,950,2,26
0.0031885,975,2,26
0.0017511,1000,2,26
0.0041894,125,2,27
0.0027453,150,2,27
0.0039937,50,2,28
0.0091685,100,2,28
0.0052729,125,2,28
0.0033295,150,2,28
0.0025015,175,2,28
0.003639,200,2,28
0.0061605,225,2,28
0.0029208,250,2,28
0.0017587,275,2,28
0.0034614,300,2,28
0.0024042,325,2,28
0.0039507,350,2,28
0.0037676,375,2,28
0.0048755,400,2,28
0.0026667,425,2,28
0.0028467,450,2,28
0.0047379,475,2,28
0.005374,550,2,28
0.002803,575,2,28
0.0022413,600,2,28
0.0032894,625,2,28
0.0029243,650,2,28
0.0042952,675,2,28
0.0044582,700,2,28
0.0070164,725,2,28
0.0031532,750,2,28
0.0042732,775,2,28
0.0015983,800,2,28
0.0031631,825,2,28
0.0036482,850,2,28
0.0027343,875,2,28
0.0019246,900,2,28
0.0025305,925,2,28
0.0020786,950,2,28
0.0023597,975,2,28
0.0041645,1000,2,28
0.0056142,150,2,29
0.0067799,175,2,29
0.0041666,200,2,29
0.002371,275,2,29
0.0031399,300,2,29
0.0025877,325,2,29
0.002538,350,2,29
0.0013485,375,2,29
0.0010282,400,2,29
0.0046665,425,2,29
0.001969,450,2,29
0.0020679,475,2,29
0.0038869,550,2,29
0.0047746,575,2,29
0.0059537,600,2,29
0.0035866,625,2,29
0.0029985,650,2,29
0.0042241,675,2,29
0.0027362,725,2,29
0.0011023,750,2,29
0.0015692,775,2,29
0.0017324,800,2,29
0.0036165,825,2,29
0.0018483,850,2,29
0.0017091,875,2,29
0.0010097,900,2,29
0.0018232,925,2,29
0.0010522,950,2,29
0.0018328,975,2,29
0.0016644,1000,2,29
0.0039612,100,2,30
0.0032762,125,2,30
0.007238,150,2,30
0.0057496,175,2,30
0.0049528,200,2,30
0.002974,225,2,30
0.0046696,250,2,30
0.0035154,275,2,30
0.0043009,300,2,30
0.004458,325,2,30
0.0032336,350,2,30
0.0029134,375,2,30
0.003566,400,2,30
0.0051913,425,2,30
0.0071394,450,2,30
0.0041814,475,2,30
0.0031679,550,2,30
0.0074728,575,2,30
0.0050063,600,2,30
0.00348,625,2,30
0.00411,650,2,30
0.0028593,675,2,30
0.0015716,700,2,30
0.0032437,725,2,30
0.0027684,750,2,30
0.0031339,775,2,30
0.0041665,800,2,30
0.0031522,825,2,30
0.0034394,850,2,30
0.001217,875,2,30
0.0029007,900,2,30
0.0036988,925,2,30
0.0014397,950,2,30
0.0020428,975,2,30
0.0028738,1000,2,30
0.0024105,25,2,31
0.0018854,50,2,31
0.0037023,75,2,31
0.0029193,100,2,31
0.0034807,125,2,31
0.0030923,150,2,31
0.0034265,175,2,31
0.0014817,200,2,31
0.0022902,225,2,31
0.0037939,250,2,31
0.0022886,275,2,31
0.0038721,300,2,31
0.0048503,325,2,31
0.0034589,350,2,31
0.003087,375,2,31
0.0077252,400,2,31
0.0033689,425,2,31
0.0057616,450,2,31
0.002674,475,2,31
0.004435,550,2,31
0.0011753,575,2,31
0.0036254,600,2,31
0.0039315,625,2,31
0.0031468,650,2,31
0.0034779,675,2,31
0.0033863,700,2,31
0.0031722,725,2,31
0.0045201,750,2,31
0.0031967,775,2,31
0.0027687,800,2,31
0.0050275,825,2,31
0.00079292,850,2,31
0.0023914,875,2,31
0.0031528,900,2,31
0.0034045,925,2,31
0.0010459,950,2,31
0.0030642,975,2,31
0.0049129,1000,2,31
0.0067177,200,2,32
0.0064532,225,2,32
0.0012624,350,2,32
0.0045508,375,2,32
0.0051375,400,2,32
0.0047681,425,2,32
0.0054429,450,2,32
0.0078879,475,2,32
0.0057036,550,2,32
0.0053372,575,2,32
0.0062294,600,2,32
0.0028595,625,2,32
0.0053928,650,2,32
0.0050709,675,2,32
0.0035523,700,2,32
0.0043548,725,2,32
0.0063655,750,2,32
0.0050069,775,2,32
0.0066008,800,2,32
0.0042799,825,2,32
0.0033521,850,2,32
0.003459,875,2,32
0.0027345,900,2,32
0.0025879,925,2,32
0.0026062,950,2,32
0.0021842,975,2,32
0.0028723,1000,2,32
0.0051381,150,2,33
0.0025407,175,2,33
0.0020236,200,2,33
0.0039229,225,2,33
0.0069546,250,2,33
0.0059138,700,2,33
0.0036966,25,2,34
0.0033974,50,2,34
0.0041879,100,2,34
0.0043298,125,2,34
0.0033732,150,2,34
0.0054157,175,2,34
0.005144,200,2,34
0.0047091,225,2,34
0.0036943,250,2,34
0.0056855,275,2,34
0.0020637,300,2,34
0.0054122,325,2,34
0.0055712,350,2,34
0.0040293,375,2,34
0.0061626,400,2,34
0.002569,425,2,34
0.0018467,450,2,34
0.0047165,475,2,34
0.0052635,550,2,34
0.0051383,575,2,34
0.0050636,600,2,34
0.0049512,625,2,34
0.0036791,650,2,34
0.0016528,675,2,34
0.0033151,700,2,34
0.00072919,725,2,34
0.0025914,750,2,34
0.0018275,775,2,34
0.002655,800,2,34
0.0028366,825,2,34
0.0044937,850,2,34
0.0060075,875,2,34
0.0038162,900,2,34
0.0013872,925,2,34
0.0016207,950,2,34
0.0014394,975,2,34
0.0032196,1000,2,34
0.0051331,175,2,35
0.0015086,200,2,35
0.0078411,225,2,35
0.004175,250,2,35
0.00682,275,2,35
0.0067891,300,2,35
0.0054551,325,2,35
0.0026236,350,2,35
0.0028144,375,2,35
0.0043286,400,2,35
0.0049245,425,2,35
0.0035526,450,2,35
0.0037389,475,2,35
0.0027106,550,2,35
0.0070012,575,2,35
0.0037979,600,2,35
0.0028631,625,2,35
0.0025645,650,2,35
0.002459,675,2,35
0.0038361,700,2,35
0.00282,725,2,35
0.0044952,750,2,35
0.0042454,775,2,35
0.0041332,800,2,35
0.0027684,825,2,35
0.010608,850,2,35
0.0027581,875,2,35
0.010837,900,2,35
0.0055413,925,2,35
0.0053931,950,2,35
0.00383,975,2,35
0.003736,1000,2,35
0.006033,225,2,36
0.0034805,250,2,36
0.0069523,275,2,36
0.0060834,300,2,36
0.0038692,325,2,36
0.0056475,350,2,36
0.0033288,375,2,36
0.0026022,400,2,36
0.0026363,425,2,36
0.0033887,450,2,36
0.0027659,475,2,36
0.0017389,550,2,36
0.0022748,575,2,36
0.0015368,600,2,36
0.0023977,625,2,36
0.0028489,650,2,36
0.002316,675,2,36
0.0067838,700,2,36
0.0044985,725,2,36
0.003189,750,2,36
0.0040877,775,2,36
0.0054931,800,2,36
0.0029197,825,2,36
0.0046894,850,2,36
0.0016431,875,2,36
0.00089852,900,2,36
0.0015479,925,2,36
0.0076493,950,2,36
0.0028103,225,2,37
0.0038238,325,2,37
0.00050938,375,2,37
0.0020864,400,2,37
0.001267,450,2,37
0.00067886,475,2,37
0.0014308,550,2,37
0.0020348,575,2,37
0.0037981,600,2,37
0.0021419,625,2,37
0.0025053,650,2,37
0.0024987,675,2,37
0.0037774,700,2,37
0.0037247,725,2,37
0.0039762,750,2,37
0.0026449,775,2,37
0.0025195,800,2,37
0.0023569,825,2,37
0.0020874,850,2,37
0.0043895,875,2,37
0.0022763,900,2,37
0.00469,925,2,37
0.0024435,950,2,37
0.0028062,975,2,37
0.0046145,1000,2,37
0.0031567,75,2,38
0.0060746,100,2,38
0.0042613,125,2,38
0.0076561,150,2,38
0.0040484,175,2,38
0.0075712,200,2,38
0.0055893,225,2,38
0.0036539,250,2,38
0.0037561,275,2,38
0.0038473,300,2,38
0.0043464,325,2,38
0.0034742,350,2,38
0.0045742,375,2,38
0.0070467,400,2,38
0.0054112,425,2,38
0.002821,450,2,38
0.0020852,475,2,38
0.0055525,550,2,38
0.0097374,575,2,38
0.0035687,600,2,38
0.0073735,625,2,38
0.0011807,650,2,38
0.0027636,675,2,38
0.0026986,700,2,38
0.0054514,725,2,38
0.0037207,750,2,38
0.0032105,775,2,38
0.0024831,800,2,38
0.0033678,825,2,38
0.0016315,850,2,38
0.0034828,875,2,38
0.002564,900,2,38
0.0040531,925,2,38
0.0028051,950,2,38
0.0043651,975,2,38
0.0025435,1000,2,38
0.0043709,50,2,39
0.0029309,75,2,39
0.0045344,100,2,39
0.0010258,125,2,39
0.0052641,150,2,39
0.0035131,175,2,39
0.004619,200,2,39
0.0032814,225,2,39
0.0027284,250,2,39
0.0024362,275,2,39
0.0037049,300,2,39
0.0033563,325,2,39
0.0027742,350,2,39
0.0035247,375,2,39
0.0020529,400,2,39
0.0057526,425,2,39
0.0041512,450,2,39
0.0030795,475,2,39
0.0048631,550,2,39
0.0032057,575,2,39
0.0028882,600,2,39
0.0070362,625,2,39
0.0031445,650,2,39
0.0017777,675,2,39
0.0035366,700,2,39
0.0015437,725,2,39
0.0021728,750,2,39
0.0026577,775,2,39
0.0031833,800,2,39
0.0059682,825,2,39
0.0037492,850,2,39
0.0034846,875,2,39
0.0026698,900,2,39
0.004467,925,2,39
0.002655,950,2,39
0.002641,975,2,39
0.0019187,1000,2,39
0.0033002,25,2,40
0.0021694,150,2,40
0.0007936,225,2,40
0.0011365,275,2,40
0.0010699,375,2,40
0.0038287,625,2,40
0.0025503,650,2,40
0.0014584,700,2,40
0.0039988,725,2,40
0.0014208,750,2,40
0.00542,775,2,40
0.0026555,800,2,40
0.005154,825,2,40
0.0024633,850,2,40
0.0020983,875,2,40
0.0035936,900,2,40
0.0024544,925,2,40
0.0016235,950,2,40
0.0023606,975,2,40
0.0027696,1000,2,40
0.0053379,25,2,41
0.005723,50,2,41
0.00309,75,2,41
0.0057433,100,2,41
0.003833,125,2,41
0.0027444,150,2,41
0.0030969,175,2,41
0.003472,200,2,41
0.0056957,225,2,41
0.0017297,250,2,41
0.002901,275,2,41
0.0037938,300,2,41
0.0023362,325,2,41
0.0024043,350,2,41
0.0038254,375,2,41
0.0036201,400,2,41
0.0029149,425,2,41
0.001931,450,2,41
0.0024656,475,2,41
0.0022673,550,2,41
0.0024628,575,2,41
0.002557,600,2,41
0.0040754,625,2,41
0.0012928,650,2,41
0.0040022,675,2,41
0.0038773,700,2,41
0.0028014,725,2,41
0.0033361,750,2,41
0.0029164,775,2,41
0.0028894,800,2,41
0.0033559,825,2,41
0.0019982,850,2,41
0.0027896,875,2,41
0.0034631,900,2,41
0.0032367,925,2,41
0.0013735,950,2,41
0.0027498,975,2,41
0.0020729,1000,2,41
0.0033379,25,3,42
0.002349,50,3,42
0.0035811,75,3,42
0.0058747,100,3,42
0.0042362,125,3,42
0.0014408,150,3,42
0.0061512,175,3,42
0.0026647,200,3,42
0.0051934,225,3,42
0.0018449,250,3,42
0.0035572,275,3,42
0.0024729,300,3,42
0.0029568,325,3,42
0.0025671,350,3,42
0.0035122,375,3,42
0.0032458,400,3,42
0.0044087,425,3,42
0.0017025,450,3,42
0.0032751,475,3,42
0.0013483,500,3,42
0.0014393,525,3,42
0.0017533,550,3,42
0.0046822,575,3,42
0.0039535,600,3,42
0.0037455,625,3,42
0.0025912,650,3,42
0.0039127,675,3,42
0.0039919,700,3,42
0.0020874,725,3,42
0.0025678,750,3,42
0.0027897,775,3,42
0.0017434,800,3,42
0.0042729,825,3,42
0.0024825,850,3,42
0.0032589,875,3,42
0.003423,950,3,42
0.004303,975,3,42
0.0030327,1000,3,42
0.0063236,675,3,43
0.0053693,700,3,43
0.0038022,850,3,43
0.0089665,875,3,43
0.0071357,975,3,43
0.011212,1000,3,43
0.0047346,25,3,44
0.0066106,50,3,44
0.0078945,75,3,44
0.0039053,100,3,44
0.0036435,150,3,44
0.0045904,250,3,44
0.001124,350,3,44
0.0109,450,3,44
0.0083927,475,3,44
0.005145,500,3,44
0.0063539,525,3,44
0.0026463,550,3,44
0.0029886,575,3,44
0.0051921,600,3,44
0.004592,625,3,44
0.0042282,650,3,44
0.0069379,825,3,44
0.0050103,850,3,44
0.0064068,875,3,44
0.0014508,975,3,44
0.0038139,1000,3,44
0.0035142,75,3,45
0.0057461,100,3,45
0.003857,125,3,45
0.0071829,150,3,45
0.0048837,175,3,45
0.0030537,200,3,45
0.0028356,225,3,45
0.0035929,250,3,45
0.0039357,275,3,45
0.0058894,300,3,45
0.0027636,325,3,45
0.0037212,350,3,45
0.0029067,375,3,45
0.0027195,400,3,45
0.0038935,425,3,45
0.0023701,450,3,45
0.0020162,475,3,45
0.0023654,500,3,45
0.004715,525,3,45
0.0011706,550,3,45
0.0031994,575,3,45
0.002744,600,3,45
0.0032875,625,3,45
0.0037729,650,3,45
0.0047438,675,3,45
0.002321,700,3,45
0.0034296,725,3,45
0.0017529,750,3,45
0.0023095,775,3,45
0.0028432,800,3,45
0.0022489,825,3,45
0.0037853,850,3,45
0.0024158,875,3,45
0.0037144,950,3,45
0.0020688,975,3,45
0.0026421,1000,3,45
0.0019686,25,3,46
0.00091129,50,3,46
0.0018729,75,3,46
0.0012111,100,3,46
0.0017682,125,3,46
0.0010073,150,3,46
0.003186,175,3,46
0.0019831,200,3,46
0.0021745,225,3,46
0.0037269,250,3,46
0.0013164,275,3,46
0.002934,300,3,46
0.002076,325,3,46
0.0015079,350,3,46
0.0029449,375,3,46
0.001553,400,3,46
0.0033024,425,3,46
0.0043384,450,3,46
0.0027243,475,3,46
0.0025852,500,3,46
0.0044818,525,3,46
0.0036467,550,3,46
0.0032757,575,3,46
0.0035943,600,3,46
0.0029786,625,3,46
0.0019763,650,3,46
0.0018227,675,3,46
0.002966,700,3,46
0.0028928,725,3,46
0.0039091,750,3,46
0.0030906,775,3,46
0.0013187,800,3,46
0.0026278,825,3,46
0.0029738,850,3,46
0.0030893,875,3,46
0.0041322,950,3,46
0.0022397,975,3,46
0.002312,1000,3,46
0.0067877,50,3,47
0.0072827,75,3,47
0.0032112,100,3,47
0.0040559,150,3,47
0.0094108,175,3,47
0.005207,225,3,47
0.0026137,250,3,47
0.0020814,275,3,47
0.0026791,300,3,47
0.0031517,325,3,47
0.0025308,350,3,47
0.0031938,375,3,47
0.0047646,400,3,47
0.0031947,425,3,47
0.0017106,450,3,47
0.002946,475,3,47
0.0041794,500,3,47
0.0035309,525,3,47
0.0045763,550,3,47
0.0040988,575,3,47
0.0040889,600,3,47
0.0047058,625,3,47
0.0026461,650,3,47
0.0059202,675,3,47
0.004775,700,3,47
0.0039669,725,3,47
0.0034633,750,3,47
0.0056794,775,3,47
0.0034168,800,3,47
0.0025279,825,3,47
0.0030532,850,3,47
0.0032799,875,3,47
0.0025037,950,3,47
0.0021925,975,3,47
0.0023955,1000,3,47
0.002806,50,3,48
0.0097896,100,3,48
0.0090465,125,3,48
0.0070748,150,3,48
0.0031516,175,3,48
0.007474,200,3,48
0.0031207,225,3,48
0.0039419,250,3,48
0.0038651,275,3,48
0.0033979,300,3,48
0.0018877,325,3,48
0.0031547,350,3,48
0.0042319,375,3,48
0.0026838,400,3,48
0.0027149,425,3,48
0.0032196,450,3,48
0.0016045,475,3,48
0.0023695,500,3,48
0.0020522,525,3,48
0.0020066,550,3,48
0.0013948,575,3,48
0.0043841,600,3,48
0.0030595,625,3,48
0.0019482,650,3,48
0.002361,675,3,48
0.0043473,700,3,48
0.0037437,725,3,48
0.002591,750,3,48
0.003967,775,3,48
0.0047882,800,3,48
0.0029832,825,3,48
0.0023735,850,3,48
0.0029785,875,3,48
0.0028577,950,3,48
0.0025637,975,3,48
0.0029622,1000,3,48
0.0070754,25,3,49
0.00298,50,3,49
0.00073627,75,3,49
0.0019961,125,3,49
0.00097763,150,3,49
0.0024169,175,3,49
0.0011969,200,3,49
0.0018838,225,3,49
0.0031548,250,3,49
0.0030143,275,3,49
0.0020425,300,3,49
0.00093542,325,3,49
0.002502,350,3,49
0.0020159,375,3,49
0.0025221,400,3,49
0.0033275,425,3,49
0.002273,450,3,49
0.0026641,475,3,49
0.0038751,500,3,49
0.0029226,525,3,49
0.0022698,550,3,49
0.0014946,575,3,49
0.0016611,600,3,49
0.0032424,625,3,49
0.0013903,650,3,49
0.0032205,675,3,49
0.0026377,700,3,49
0.0021846,725,3,49
0.0022892,750,3,49
0.0021924,775,3,49
0.0022589,800,3,49
0.0015285,825,3,49
0.0025161,850,3,49
0.0013487,875,3,49
0.001606,950,3,49
0.00085454,975,3,49
0.0025555,1000,3,49
0.0025617,50,3,50
0.0077149,75,3,50
0.0072468,100,3,50
0.0033498,125,3,50
0.0028696,150,3,50
0.0021263,175,3,50
0.0030727,200,3,50
0.0045738,225,3,50
0.0034085,250,3,50
0.003817,275,3,50
0.0060359,300,3,50
0.0030143,325,3,50
0.0030902,350,3,50
0.0023756,375,3,50
0.0036093,400,3,50
0.0038451,425,3,50
0.0036421,450,3,50
0.0034307,475,3,50
0.0030168,500,3,50
0.0027055,525,3,50
0.0025136,550,3,50
0.0030753,575,3,50
0.0016467,600,3,50
0.003731,625,3,50
0.0024225,650,3,50
0.0018891,675,3,50
0.0016344,700,3,50
0.0025815,725,3,50
0.001969,750,3,50
0.001888,775,3,50
0.0029826,800,3,50
0.004292,825,3,50
0.0033455,850,3,50
0.0025152,875,3,50
0.0018887,950,3,50
0.002277,975,3,50
0.0016054,1000,3,50
0.005641,50,3,51
0.0053855,75,3,51
0.0053945,100,3,51
0.0035331,125,3,51
0.0076301,150,3,51
0.0046319,175,3,51
0.0026302,200,3,51
0.005232,225,3,51
0.0035398,250,3,51
0.0038542,275,3,51
0.00485,300,3,51
0.0035324,325,3,51
0.0028118,350,3,51
0.0028639,375,3,51
0.0059762,400,3,51
0.0038422,425,3,51
0.0059649,450,3,51
0.0069831,475,3,51
0.0037416,500,3,51
0.0035381,525,3,51
0.0067052,550,3,51
0.0045903,575,3,51
0.0046935,600,3,51
0.0063017,625,3,51
0.0017148,650,3,51
0.0027301,675,3,51
0.0043639,700,3,51
0.0041417,725,3,51
0.0030268,750,3,51
0.0034859,775,3,51
0.0019743,800,3,51
0.0025629,825,3,51
0.0035405,850,3,51
0.0016338,875,3,51
0.0031905,950,3,51
0.0020431,975,3,51
0.0024321,1000,3,51
0.00091567,50,3,52
0.0061688,75,3,52
0.0036614,100,3,52
0.0069459,125,3,52
0.0073125,150,3,52
0.011212,175,3,52
0.0064627,200,3,52
0.0058832,225,3,52
0.0037989,250,3,52
0.0040239,275,3,52
0.0072983,300,3,52
0.0073803,325,3,52
0.0040126,350,3,52
0.004946,375,3,52
0.0015541,400,3,52
0.0045457,425,3,52
0.010225,450,3,52
0.0106,500,3,52
0.0068207,525,3,52
0.0043251,550,3,52
0.0060098,575,3,52
0.0052245,600,3,52
0.0048744,625,3,52
0.0059155,650,3,52
0.0063927,675,3,52
0.0037865,700,3,52
0.0065345,725,3,52
0.0059609,750,3,52
0.0043345,775,3,52
0.0053601,800,3,52
0.0043781,825,3,52
0.0060279,850,3,52
0.0063911,875,3,52
0.004804,950,3,52
0.0021192,975,3,52
0.0033585,1000,3,52
0.0019175,250,3,53
0.0025651,275,3,53
0.0032411,300,3,53
0.0057289,325,3,53
0.0024781,350,3,53
0.0027864,375,3,53
0.0031386,400,3,53
0.0036727,425,3,53
0.0033881,450,3,53
0.0020205,475,3,53
0.0033436,500,3,53
0.0049237,525,3,53
0.0045581,550,3,53
0.0041255,575,3,53
0.0051258,600,3,53
0.0064284,625,3,53
0.0049093,650,3,53
0.0063204,675,3,53
0.0057733,700,3,53
0.0054214,725,3,53
0.0079432,750,3,53
0.0045428,775,3,53
0.0022942,800,3,53
0.0045183,825,3,53
0.0036494,850,3,53
0.0045081,875,3,53
0.0047998,950,3,53
0.0056745,975,3,53
0.0047399,1000,3,53
0.0050843,25,3,54
0.0037929,50,3,54
0.0056361,75,3,54
0.0033277,100,3,54
0.0021627,125,3,54
0.0044486,150,3,54
0.003327,175,3,54
0.0037481,200,3,54
0.0031371,225,3,54
0.0028939,250,3,54
0.0019079,275,3,54
0.0039532,300,3,54
0.0020313,325,3,54
0.0016262,350,3,54
0.0046768,375,3,54
0.0031707,400,3,54
0.0035564,425,3,54
0.0040589,450,3,54
0.0025201,475,3,54
0.0025839,500,3,54
0.0045795,525,3,54
0.0020067,550,3,54
0.0024748,575,3,54
0.00326,600,3,54
0.003028,625,3,54
0.0041923,650,3,54
0.0031514,675,3,54
0.0014806,700,3,54
0.00082023,725,3,54
0.0019499,750,3,54
0.0023735,775,3,54
0.0019423,800,3,54
0.0031526,825,3,54
0.0032124,850,3,54
0.0034877,875,3,54
0.0048394,950,3,54
0.0049828,975,3,54
0.0013836,1000,3,54
0.0029518,25,3,55
0.0043946,50,3,55
0.0049364,75,3,55
0.0035159,100,3,55
0.0038835,125,3,55
0.0034534,150,3,55
0.0028917,175,3,55
0.0026369,200,3,55
0.0018789,225,3,55
0.0013589,250,3,55
0.0022282,275,3,55
0.0031833,300,3,55
0.0013255,325,3,55
0.0020665,350,3,55
0.0029452,375,3,55
0.0018868,400,3,55
0.0059933,425,3,55
0.002324,450,3,55
0.0024097,475,3,55
0.002349,500,3,55
0.0035785,525,3,55
0.0019266,550,3,55
0.0023772,575,3,55
0.0036527,600,3,55
0.0022418,625,3,55
0.001548,650,3,55
0.0011697,675,3,55
0.0011922,700,3,55
0.0017437,725,3,55
0.0014456,750,3,55
0.0015215,775,3,55
0.0011097,800,3,55
0.0021553,825,3,55
0.0022004,850,3,55
0.0021741,875,3,55
0.0017136,950,3,55
0.0023364,975,3,55
0.0015984,1000,3,55
0.0044991,25,3,56
0.0050249,50,3,56
0.0033468,75,3,56
0.0051594,100,3,56
0.001311,125,3,56
0.0015374,150,3,56
0.0036788,175,3,56
0.0027947,200,3,56
0.0012739,225,3,56
0.0017359,250,3,56
0.002609,275,3,56
0.0017716,300,3,56
0.0012826,325,3,56
0.0030756,350,3,56
0.0021506,375,3,56
0.0023615,400,3,56
0.0027176,425,3,56
0.0021076,450,3,56
0.0011174,475,3,56
0.002707,500,3,56
0.0014012,525,3,56
0.0039161,550,3,56
0.0010468,575,3,56
0.002135,600,3,56
0.0033334,625,3,56
0.0013551,650,3,56
0.0015365,675,3,56
0.0036601,700,3,56
0.0022698,725,3,56
0.002688,750,3,56
0.0017956,775,3,56
0.0025448,800,3,56
0.0024578,825,3,56
0.0013433,850,3,56
0.0018649,875,3,56
0.0028934,950,3,56
0.0010401,975,3,56
0.0012051,1000,3,56
0.0034087,175,3,57
0.0060478,250,3,57
0.0083234,300,3,57
0.0056424,350,3,57
0.0064439,375,3,57
0.007144,400,3,57
0.0025356,450,3,57
0.0021954,475,3,57
0.0038095,500,3,57
0.0081157,525,3,57
0.0036662,550,3,57
0.0042833,575,3,57
0.0023727,600,3,57
0.004777,625,3,57
0.0061866,650,3,57
0.0027746,675,3,57
0.0060125,700,3,57
0.0075897,725,3,57
0.0056269,750,3,57
0.0029798,775,3,57
0.0036039,800,3,57
0.0038621,825,3,57
0.0067592,850,3,57
0.0023727,875,3,57
0.0055625,950,3,57
0.005314,975,3,57
0.005963,1000,3,57
0.0088404,475,3,58
0.0022955,500,3,58
0.0046386,600,3,58
0.0044071,775,3,58
0.010378,800,3,58
0.0024749,975,3,58
0.0036071,25,3,59
0.0022217,50,3,59
0.0051071,75,3,59
0.0031437,100,3,59
0.003337,125,3,59
0.0027101,150,3,59
0.0017465,175,3,59
0.0016722,200,3,59
0.0036023,225,3,59
0.0017236,250,3,59
0.0034886,275,3,59
0.0027639,300,3,59
0.0023366,325,3,59
0.002571,350,3,59
0.0019067,375,3,59
0.0016156,400,3,59
0.0011079,425,3,59
0.0016688,450,3,59
0.0016698,475,3,59
0.003259,500,3,59
0.002085,525,3,59
0.0010351,550,3,59
0.0013733,575,3,59
0.0019412,600,3,59
0.0022838,625,3,59
0.0019568,650,3,59
0.0028042,675,3,59
0.0023652,700,3,59
0.0025204,725,3,59
0.0017981,750,3,59
0.0011793,775,3,59
0.0014071,800,3,59
0.0025296,825,3,59
0.0024581,850,3,59
0.0019589,875,3,59
0.0015798,950,3,59
0.0020872,975,3,59
0.0012804,1000,3,59
0.004808,50,3,60
0.0091706,75,3,60
0.0063535,175,3,60
0.0044302,225,3,60
0.0069395,250,3,60
0.007899,300,3,60
0.0051406,325,3,60
0.0051788,350,3,60
0.0050774,375,3,60
0.0018206,400,3,60
0.0042463,425,3,60
0.0039789,450,3,60
0.0060776,475,3,60
0.0035119,500,3,60
0.0033372,525,3,60
0.0056983,550,3,60
0.0038489,575,3,60
0.0031166,600,3,60
0.0036796,625,3,60
0.0031824,650,3,60
0.0034115,675,3,60
0.0039318,700,3,60
0.0065312,725,3,60
0.0049672,750,3,60
0.0041496,775,3,60
0.0057326,800,3,60
0.0019493,825,3,60
0.0032579,850,3,60
0.0033728,875,3,60
0.0042381,950,3,60
0.004406,975,3,60
0.0046495,1000,3,60
0.0039368,25,3,61
0.0029213,50,3,61
0.0017919,75,3,61
0.0012854,100,3,61
0.0026427,125,3,61
0.0027565,150,3,61
0.0029294,175,3,61
0.0020447,200,3,61
0.0047753,225,3,61
0.0039992,250,3,61
0.0028881,275,3,61
0.0061115,300,3,61
0.0015744,325,3,61
0.0017155,350,3,61
0.0021399,375,3,61
0.0034089,400,3,61
0.0021112,425,3,61
0.0060906,450,3,61
0.0086834,475,3,61
0.0029981,500,3,61
0.002553,525,3,61
0.0046386,550,3,61
0.0029864,575,3,61
0.0031138,600,3,61
0.0027539,625,3,61
0.0030085,650,3,61
0.0015755,675,3,61
0.004065,700,3,61
0.0018522,725,3,61
0.0042297,750,3,61
0.0034977,775,3,61
0.001405,800,3,61
0.0079165,825,3,61
0.0032052,850,3,61
0.0014102,875,3,61
0.0034651,950,3,61
0.001133,975,3,61
0.0021516,1000,3,61
0.0034297,25,4,62
0.0066021,100,4,62
0.0035,125,4,62
0.0035967,150,4,62
0.0055087,175,4,62
0.004796,200,4,62
0.0055639,225,4,62
0.0055762,250,4,62
0.0043374,275,4,62
0.0039701,300,4,62
0.0044437,325,4,62
0.0025855,350,4,62
0.0018627,375,4,62
0.0037743,400,4,62
0.002308,425,4,62
0.0053032,450,4,62
0.0047416,475,4,62
0.0036976,500,4,62
0.0030955,525,4,62
0.0037955,550,4,62
0.0034257,575,4,62
0.0028234,600,4,62
0.0059272,625,4,62
0.0038535,650,4,62
0.0032988,675,4,62
0.0022862,700,4,62
0.0022824,725,4,62
0.0041065,750,4,62
0.0016389,775,4,62
0.0039344,800,4,62
0.0062576,825,4,62
0.0025196,850,4,62
0.0024251,875,4,62
0.00242,900,4,62
0.0039469,925,4,62
0.0037945,950,4,62
0.0035984,975,4,62
0.0055642,1000,4,62
0.0020539,1025,4,62
0.003055,1050,4,62
0.0040169,1075,4,62
0.0026453,1100,4,62
0.0013894,1125,4,62
0.0032305,1150,4,62
0.0031586,1175,4,62
0.0022779,1200,4,62
0.0046073,1225,4,62
0.0041629,1250,4,62
0.0042945,1275,4,62
0.0034614,1300,4,62
0.0018534,1325,4,62
0.0021137,1350,4,62
0.0024109,1375,4,62
0.0014539,1400,4,62
0.0023318,1425,4,62
0.0040354,1450,4,62
0.0017922,1475,4,62
0.002243,1500,4,62
0.0014864,1525,4,62
0.0022896,1550,4,62
0.0010872,1575,4,62
0.0021104,1600,4,62
0.0055513,1625,4,62
0.0024426,1650,4,62
0.0023662,1675,4,62
0.0023954,1700,4,62
0.0019866,1725,4,62
0.0026387,1750,4,62
0.0024,1775,4,62
0.0013814,1800,4,62
0.0047419,1825,4,62
0.0010052,1850,4,62
0.00080639,1875,4,62
0.001058,1950,4,62
0.001214,1975,4,62
0.0012448,2000,4,62
0.0018626,25,4,63
0.003233,50,4,63
0.003549,75,4,63
0.0022081,100,4,63
0.0041155,125,4,63
0.0057691,150,4,63
0.002149,175,4,63
0.0034462,200,4,63
0.0033031,250,4,63
0.0038619,300,4,63
0.0031988,325,4,63
0.0068178,350,4,63
0.0060582,375,4,63
0.0032833,400,4,63
0.0024419,425,4,63
0.0039045,450,4,63
0.0030883,475,4,63
0.0022003,500,4,63
0.0041242,525,4,63
0.0021846,550,4,63
0.0017184,575,4,63
0.0018518,600,4,63
0.0027792,625,4,63
0.004917,650,4,63
0.0050464,675,4,63
0.0026534,700,4,63
0.0038369,725,4,63
0.007091,750,4,63
0.0037586,775,4,63
0.0031325,800,4,63
0.0018365,825,4,63
0.0036397,850,4,63
0.0011937,875,4,63
0.0010865,900,4,63
0.001513,925,4,63
0.002735,950,4,63
0.0016443,975,4,63
0.0017751,1000,4,63
0.0067877,1025,4,63
0.0031382,1050,4,63
0.0030757,1075,4,63
0.0044063,1100,4,63
0.00671,1125,4,63
0.003126,1150,4,63
0.0028072,1175,4,63
0.0059122,1200,4,63
0.0024477,1225,4,63
0.0021465,1250,4,63
0.0027618,1275,4,63
0.0022223,1300,4,63
0.0023162,1325,4,63
0.0033356,1350,4,63
0.0032019,1375,4,63
0.0035468,1400,4,63
0.0031498,1425,4,63
0.0046003,1450,4,63
0.0026003,1475,4,63
0.0047427,1500,4,63
0.0048273,1525,4,63
0.0019514,1550,4,63
0.0018907,1575,4,63
0.0018322,1600,4,63
0.00683,1625,4,63
0.004499,1650,4,63
0.0039242,1675,4,63
0.0028643,1700,4,63
0.002957,1725,4,63
0.0022525,1750,4,63
0.0043233,1775,4,63
0.0017481,1800,4,63
0.001918,1825,4,63
0.0036547,1850,4,63
0.0020391,1875,4,63
0.0032303,1950,4,63
0.0068798,1975,4,63
0.003491,2000,4,63
0.0054907,25,4,64
0.0041475,125,4,64
0.0053542,225,4,64
0.0038837,250,4,64
0.0051519,275,4,64
0.0080458,300,4,64
0.0032573,325,4,64
0.0034689,350,4,64
0.0030019,375,4,64
0.0036376,400,4,64
0.0053132,425,4,64
0.0021068,450,4,64
0.0027164,475,4,64
0.0053841,500,4,64
0.0060096,525,4,64
0.0034065,550,4,64
0.0013364,575,4,64
0.0029407,600,4,64
0.0055465,625,4,64
0.0031382,650,4,64
0.0037043,675,4,64
0.0045535,700,4,64
0.0049558,725,4,64
0.0042083,750,4,64
0.0029512,775,4,64
0.0035625,800,4,64
0.0037501,825,4,64
0.0037641,850,4,64
0.0037115,875,4,64
0.0053124,900,4,64
0.0033963,925,4,64
0.0029457,950,4,64
0.0017877,975,4,64
0.0021332,1000,4,64
0.0047158,1025,4,64
0.0024796,1050,4,64
0.0027865,1075,4,64
0.0032563,1100,4,64
0.0022642,1125,4,64
0.0018676,1150,4,64
0.0018044,1175,4,64
0.0028351,1200,4,64
0.0069043,1225,4,64
0.0040541,1250,4,64
0.002971,1275,4,64
0.0027428,1300,4,64
0.004764,1325,4,64
0.0038962,1350,4,64
0.0020341,1375,4,64
0.0037417,1400,4,64
0.0028156,1425,4,64
0.0038634,1450,4,64
0.0019556,1475,4,64
0.0038392,1500,4,64
0.0026329,1525,4,64
0.00096456,1550,4,64
0.0029842,1575,4,64
0.0021592,1600,4,64
0.0055261,1625,4,64
0.0036941,1650,4,64
0.0029347,1675,4,64
0.0026101,1700,4,64
0.005025,1725,4,64
0.0026263,1750,4,64
0.0038573,1775,4,64
0.00062131,1800,4,64
0.0012993,1825,4,64
0.0021,1850,4,64
0.002114,1875,4,64
0.0019778,1950,4,64
0.0020663,1975,4,64
0.0020342,2000,4,64
0.0026038,75,4,65
0.005617,100,4,65
0.0019187,125,4,65
0.0070131,175,4,65
0.0039396,250,4,65
0.006394,275,4,65
0.0045432,325,4,65
0.0056354,350,4,65
0.0017114,375,4,65
0.0011879,400,4,65
0.003037,475,4,65
0.0038095,525,4,65
0.0018399,550,4,65
0.0048905,575,4,65
0.0048697,600,4,65
0.0031716,625,4,65
0.0039367,650,4,65
0.0025028,675,4,65
0.0039311,700,4,65
0.0051127,725,4,65
0.0040853,750,4,65
0.0027878,775,4,65
0.0027064,800,4,65
0.0055232,825,4,65
0.0068469,875,4,65
0.0061806,900,4,65
0.0072785,925,4,65
0.007088,950,4,65
0.0019995,975,4,65
0.0056493,1000,4,65
0.0057014,1025,4,65
0.0019303,1050,4,65
0.0030666,1075,4,65
0.0030142,1100,4,65
0.0043156,1125,4,65
0.0048917,1150,4,65
0.002429,1175,4,65
0.0022492,1200,4,65
0.0022616,1225,4,65
0.003863,1250,4,65
0.0036359,1275,4,65
0.0045206,1300,4,65
0.0027734,1325,4,65
0.0030762,1350,4,65
0.0037169,1375,4,65
0.0044009,1400,4,65
0.0031102,1425,4,65
0.0029485,1450,4,65
0.0020361,1475,4,65
0.0049494,1500,4,65
0.0023039,1525,4,65
0.0008632,1550,4,65
0.0026025,1575,4,65
0.0024643,1600,4,65
0.0031844,1625,4,65
0.002759,1650,4,65
0.0031722,1675,4,65
0.0045149,1700,4,65
0.0035296,1725,4,65
0.0032389,1750,4,65
0.0024287,1775,4,65
0.0039361,1800,4,65
0.0020351,1825,4,65
0.0017655,1850,4,65
0.0055482,1875,4,65
0.0017098,1950,4,65
0.0023785,1975,4,65
0.0018439,2000,4,65
0.0037431,100,4,66
0.0065174,125,4,66
0.004765,150,4,66
0.0035865,175,4,66
0.0056943,200,4,66
0.0022222,225,4,66
0.0022607,250,4,66
0.0046889,275,4,66
0.0024586,300,4,66
0.0030654,325,4,66
0.0023217,350,4,66
0.0015667,375,4,66
0.0055266,400,4,66
0.0027686,425,4,66
0.0042195,450,4,66
0.0060527,475,4,66
0.0049452,500,4,66
0.0025877,525,4,66
0.00346,550,4,66
0.0043543,575,4,66
0.0034339,600,4,66
0.0029749,625,4,66
0.0075021,650,4,66
0.0041273,675,4,66
0.0043462,700,4,66
0.0035425,725,4,66
0.0028417,750,4,66
0.0034615,775,4,66
0.004693,800,4,66
0.0029526,825,4,66
0.0039591,850,4,66
0.0036286,875,4,66
0.0019061,900,4,66
0.0033765,925,4,66
0.0039924,950,4,66
0.0034843,975,4,66
0.0044687,1000,4,66
0.0035655,1025,4,66
0.0027972,1050,4,66
0.0048623,1075,4,66
0.0030066,1100,4,66
0.0020936,1125,4,66
0.0063958,1150,4,66
0.0025744,1175,4,66
0.002463,1200,4,66
0.0036866,1225,4,66
0.0051866,1250,4,66
0.0040898,1275,4,66
0.0037856,1300,4,66
0.0041818,1325,4,66
0.0039553,1350,4,66
0.002121,1375,4,66
0.0036129,1400,4,66
0.0018478,1425,4,66
0.002835,1450,4,66
0.0038897,1475,4,66
0.0024629,1500,4,66
0.0030225,1525,4,66
0.0019514,1550,4,66
0.0025362,1575,4,66
0.0031841,1600,4,66
0.0027677,1625,4,66
0.0035762,1650,4,66
0.0018229,1675,4,66
0.0018791,1700,4,66
0.0010553,1725,4,66
0.0028305,1750,4,66
0.0025914,1775,4,66
0.0026342,1800,4,66
0.0039481,1825,4,66
0.0036855,1850,4,66
0.0027757,1875,4,66
0.0022578,1950,4,66
0.0029725,1975,4,66
0.0028818,2000,4,66
0.00247,50,4,67
0.0046288,100,4,67
0.002057,125,4,67
0.0021351,150,4,67
0.0021609,175,4,67
0.003251,200,4,67
0.0061093,225,4,67
0.0050213,250,4,67
0.0047651,275,4,67
0.0033403,300,4,67
0.0015391,325,4,67
0.0021163,350,4,67
0.0028946,375,4,67
0.0025749,400,4,67
0.0069198,425,4,67
0.0048748,450,4,67
0.0044645,475,4,67
0.0068425,500,4,67
0.0018261,525,4,67
0.0028631,550,4,67
0.0027749,575,4,67
0.0022623,600,4,67
0.0027954,625,4,67
0.0026804,650,4,67
0.0022203,675,4,67
0.0027697,700,4,67
0.0026131,725,4,67
0.0028913,750,4,67
0.0028461,775,4,67
0.0038711,800,4,67
0.0014784,825,4,67
0.0027268,850,4,67
0.0027561,875,4,67
0.0025239,900,4,67
0.0041904,925,4,67
0.0031756,950,4,67
0.0054742,975,4,67
0.002361,1000,4,67
0.0031434,1025,4,67
0.0035758,1050,4,67
0.0022887,1075,4,67
0.0025159,1100,4,67
0.0016252,1125,4,67
0.0020579,1150,4,67
0.002445,1175,4,67
0.0020127,1200,4,67
0.0031318,1225,4,67
0.0037851,1250,4,67
0.0018888,1275,4,67
0.0036062,1300,4,67
0.0026363,1325,4,67
0.0059134,1350,4,67
0.0060114,1375,4,67
0.0016195,1400,4,67
0.0015276,1425,4,67
0.0041214,1450,4,67
0.0016779,1475,4,67
0.003589,1500,4,67
0.0020318,1525,4,67
0.0021954,1550,4,67
0.0013399,1575,4,67
0.0031266,1600,4,67
0.0012184,1625,4,67
0.0015333,1650,4,67
0.0032589,1675,4,67
0.0029111,1700,4,67
0.002093,1725,4,67
0.0030806,1750,4,67
0.0016796,1775,4,67
0.0028778,1800,4,67
0.0014283,1825,4,67
0.0018995,1850,4,67
0.0033379,1875,4,67
0.0024309,1950,4,67
0.001994,1975,4,67
0.0028822,2000,4,67
0.0015755,75,4,68
0.0015031,100,4,68
0.0037259,125,4,68
0.0067336,150,4,68
0.0023182,175,4,68
0.0015447,200,4,68
0.0024751,225,4,68
0.0020366,250,4,68
0.0020428,275,4,68
0.0026838,300,4,68
0.002915,325,4,68
0.0019878,350,4,68
0.0016144,375,4,68
0.0046517,400,4,68
0.0017255,425,4,68
0.0014652,450,4,68
0.001469,475,4,68
0.0039868,500,4,68
0.0042462,525,4,68
0.0028243,550,4,68
0.0028583,575,4,68
0.0014396,600,4,68
0.0013826,625,4,68
0.0026714,650,4,68
0.0028788,675,4,68
0.0032443,700,4,68
0.0027302,725,4,68
0.0021633,750,4,68
0.0032593,775,4,68
0.0027963,800,4,68
0.0025077,825,4,68
0.0020491,850,4,68
0.0030512,875,4,68
0.0032649,900,4,68
0.0028202,925,4,68
0.0026796,950,4,68
0.0033605,975,4,68
0.0015321,1000,4,68
0.0021244,1025,4,68
0.0050517,1050,4,68
0.0043306,1075,4,68
0.0026674,1100,4,68
0.0018153,1125,4,68
0.002765,1150,4,68
0.0028929,1175,4,68
0.0039785,1200,4,68
0.0017869,1225,4,68
0.0033403,1250,4,68
0.0039487,1275,4,68
0.002468,1300,4,68
0.00265,1325,4,68
0.0018844,1350,4,68
0.0021313,1375,4,68
0.0030772,1400,4,68
0.0017072,1425,4,68
0.0013849,1450,4,68
0.0048209,1475,4,68
0.0039024,1500,4,68
0.0046151,1525,4,68
0.002974,1550,4,68
0.0036848,1575,4,68
0.0025271,1600,4,68
0.0035285,1625,4,68
0.0028213,1650,4,68
0.0027106,1675,4,68
0.0033089,1700,4,68
0.0026942,1725,4,68
0.0028537,1750,4,68
0.0012856,1775,4,68
0.0029844,1800,4,68
0.0024776,1825,4,68
0.0021093,1850,4,68
0.0032069,1875,4,68
0.0020079,125,4,69
0.0016295,175,4,69
0.0036916,200,4,69
0.0048102,225,4,69
0.0027372,250,4,69
0.0010367,275,4,69
0.001817,300,4,69
0.0027646,325,4,69
0.0021288,350,4,69
0.001132,375,4,69
0.0045468,400,4,69
0.0013701,425,4,69
0.0032266,450,4,69
0.0027328,475,4,69
0.003985,500,4,69
0.0021973,525,4,69
0.0020952,800,4,69
0.0009384,900,4,69
0.0026666,1200,4,69
0.00089573,1275,4,69
0.0014717,1425,4,69
0.0023802,1450,4,69
0.0015054,1475,4,69
0.0020619,1500,4,69
0.0033305,1525,4,69
0.0036684,1550,4,69
0.0032662,1575,4,69
0.0054576,1625,4,69
0.005532,1650,4,69
0.0020671,1675,4,69
0.0020804,1700,4,69
0.0014516,1725,4,69
0.0015271,1750,4,69
0.0021037,1775,4,69
0.0014998,1800,4,69
0.001902,1825,4,69
0.0049175,1850,4,69
0.0049884,1875,4,69
0.0025568,1950,4,69
0.0036141,1975,4,69
0.0034215,2000,4,69
0.0049015,25,4,70
0.0033481,50,4,70
0.0033041,75,4,70
0.0042845,100,4,70
0.0044192,125,4,70
0.0040494,225,4,70
0.0038247,250,4,70
0.0027891,275,4,70
0.0030321,300,4,70
0.0027333,325,4,70
0.0054862,350,4,70
0.0018288,375,4,70
0.0031333,400,4,70
0.0037485,425,4,70
0.0017773,450,4,70
0.0017288,475,4,70
0.003393,500,4,70
0.0022902,525,4,70
0.0020728,550,4,70
0.0020976,575,4,70
0.0032383,600,4,70
0.0024916,625,4,70
0.0014313,650,4,70
0.0030928,675,4,70
0.0011654,700,4,70
0.0015637,725,4,70
0.00092256,750,4,70
0.0046486,775,4,70
0.001174,800,4,70
0.0026187,825,4,70
0.0015421,850,4,70
0.0016942,875,4,70
0.0026007,900,4,70
0.00092322,925,4,70
0.0009661,950,4,70
0.0013098,975,4,70
0.0010881,1000,4,70
0.0016313,1025,4,70
0.0038243,1050,4,70
0.001582,1075,4,70
0.0018173,1100,4,70
0.004087,1125,4,70
0.0017078,1150,4,70
0.0023264,1175,4,70
0.0013761,1200,4,70
0.0013845,1225,4,70
0.0012228,1250,4,70
0.001175,1275,4,70
0.0017297,1300,4,70
0.0022782,1325,4,70
0.00067579,1350,4,70
0.0014169,1375,4,70
0.0013536,1400,4,70
0.0013087,1425,4,70
0.0010795,1450,4,70
0.0010028,1475,4,70
0.0011027,1500,4,70
0.0009858,1525,4,70
0.00093683,1550,4,70
0.00090976,1575,4,70
0.0011644,1600,4,70
0.001137,1625,4,70
0.0011438,1650,4,70
0.0005239,1675,4,70
0.0014722,1700,4,70
0.0015845,1725,4,70
0.0013522,1750,4,70
0.00085419,1775,4,70
0.0015682,1800,4,70
0.0016291,1825,4,70
0.00052817,1850,4,70
0.001149,1875,4,70
0.0022985,1950,4,70
0.0015466,1975,4,70
0.0012005,2000,4,70
0.0013749,225,4,71
0.0018209,250,4,71
0.002031,275,4,71
0.0013762,300,4,71
0.0045599,325,4,71
0.0031472,350,4,71
0.0019424,375,4,71
0.0042662,400,4,71
0.0020689,425,4,71
0.0043051,450,4,71
0.0062004,475,4,71
0.0023092,500,4,71
0.0053386,525,4,71
0.0033177,550,4,71
0.0040319,575,4,71
0.0026161,600,4,71
0.0018178,625,4,71
0.0027147,650,4,71
0.0024544,675,4,71
0.0029475,700,4,71
0.0026262,725,4,71
0.0016369,750,4,71
0.0021168,775,4,71
0.0029514,800,4,71
0.0015667,825,4,71
0.0038181,850,4,71
0.0014707,875,4,71
0.0036711,900,4,71
0.001985,925,4,71
0.002929,950,4,71
0.0023657,975,4,71
0.0022161,1000,4,71
0.0017686,1025,4,71
0.0014147,1050,4,71
0.0019824,1075,4,71
0.0026267,1100,4,71
0.0020463,1125,4,71
0.0032662,1150,4,71
0.0029584,1175,4,71
0.001828,1200,4,71
0.0027259,1225,4,71
0.0035949,1250,4,71
0.0015317,1275,4,71
0.003885,1300,4,71
0.0015103,1325,4,71
0.0024675,1350,4,71
0.0021446,1375,4,71
0.0014442,1400,4,71
0.0015222,1425,4,71
0.0011858,1450,4,71
0.0020175,1475,4,71
0.0011899,1500,4,71
0.0020861,1525,4,71
0.0013463,1550,4,71
0.00069937,1575,4,71
0.0013313,1600,4,71
0.002036,1625,4,71
0.001712,1650,4,71
0.0011803,1675,4,71
0.00125,1700,4,71
0.0016565,1725,4,71
0.0014,1750,4,71
0.00083833,1775,4,71
0.0015524,1800,4,71
0.002639,1825,4,71
0.0012606,1850,4,71
0.0012706,1875,4,71
0.0018661,1950,4,71
0.0012318,1975,4,71
0.0015899,2000,4,71
0.0049791,50,4,72
0.0066138,100,4,72
0.0026295,125,4,72
0.0021514,150,4,72
0.0029639,175,4,72
0.0012947,200,4,72
0.0023678,225,4,72
0.005121,250,4,72
0.0027143,275,4,72
0.0031707,300,4,72
0.0041496,325,4,72
0.001545,350,4,72
0.0030098,375,4,72
0.0031538,400,4,72
0.0034511,425,4,72
0.0037651,450,4,72
0.0034974,475,4,72
0.0027963,500,4,72
0.0041456,525,4,72
0.0036849,550,4,72
0.0043542,575,4,72
0.0021743,600,4,72
0.0023998,625,4,72
0.0025956,650,4,72
0.0027464,675,4,72
0.0036506,700,4,72
0.002558,725,4,72
0.0069556,750,4,72
0.003938,775,4,72
0.0026855,800,4,72
0.0017034,825,4,72
0.0023687,850,4,72
0.0015605,875,4,72
0.0065089,900,4,72
0.0037099,925,4,72
0.0036442,950,4,72
0.0033686,975,4,72
0.0044569,1000,4,72
0.001953,1025,4,72
0.0037289,1050,4,72
0.00059691,1075,4,72
0.0014976,1200,4,72
0.0015056,1225,4,72
0.0017143,1250,4,72
0.0054832,1275,4,72
0.0044912,1300,4,72
0.0064301,1325,4,72
0.0033736,1350,4,72
0.0037109,1375,4,72
0.0033081,1400,4,72
0.0023285,1425,4,72
0.0039739,1450,4,72
0.0051396,1475,4,72
0.0030261,1500,4,72
0.0029376,1525,4,72
0.0061507,1550,4,72
0.009982,1575,4,72
0.0037224,1600,4,72
0.0028911,1625,4,72
0.0028979,1650,4,72
0.0038974,1675,4,72
0.0046194,1700,4,72
0.0018035,1725,4,72
0.0052685,1750,4,72
0.0043952,1775,4,72
0.0076052,1800,4,72
0.0025936,1825,4,72
0.0049637,1850,4,72
0.0020083,1875,4,72
0.0084908,1950,4,72
0.0038924,1975,4,72
0.0056417,2000,4,72
0.0047264,25,4,74
0.0033988,50,4,74
0.0025382,75,4,74
0.0032465,100,4,74
0.0027004,125,4,74
0.0041151,150,4,74
0.0053545,175,4,74
0.0030463,200,4,74
0.0035816,225,4,74
0.0035602,250,4,74
0.0059871,275,4,74
0.0017154,300,4,74
0.006826,325,4,74
0.0047012,350,4,74
0.0057348,375,4,74
0.0046327,400,4,74
0.0024404,425,4,74
0.0063053,450,4,74
0.0032488,475,4,74
0.0024158,500,4,74
0.0022022,525,4,74
0.0029921,550,4,74
0.0015134,575,4,74
0.0038921,600,4,74
0.0024891,625,4,74
0.00349,650,4,74
0.0029028,675,4,74
0.0022532,700,4,74
0.0032642,725,4,74
0.0039712,750,4,74
0.0035913,775,4,74
0.0049591,800,4,74
0.0018872,825,4,74
0.0030512,850,4,74
0.0021375,875,4,74
0.0059127,900,4,74
0.0017695,925,4,74
0.0026203,950,4,74
0.0033188,975,4,74
0.0032758,1000,4,74
0.0019879,1025,4,74
0.0033913,1050,4,74
0.0013326,1075,4,74
0.0013808,1100,4,74
0.0062038,1125,4,74
0.0030041,1150,4,74
0.0029391,1175,4,74
0.0012841,1200,4,74
0.0039684,1225,4,74
0.0026044,1250,4,74
0.0018927,1275,4,74
0.0024743,1300,4,74
0.0026072,1325,4,74
0.0021196,1350,4,74
0.0023135,1375,4,74
0.0022886,1400,4,74
0.0018839,1425,4,74
0.0026883,1450,4,74
0.0025282,1475,4,74
0.00216,1500,4,74
0.0016321,1525,4,74
0.0024033,1550,4,74
0.0015579,1575,4,74
0.0038135,1600,4,74
0.00099075,1625,4,74
0.0011754,1650,4,74
0.0018145,1675,4,74
0.0021128,1700,4,74
0.0034237,1725,4,74
0.0037632,1750,4,74
0.0027557,1775,4,74
0.0025838,1800,4,74
0.0025243,1825,4,74
0.001994,1850,4,74
0.0010106,1875,4,74
0.0015357,1950,4,74
0.0014487,1975,4,74
0.0011411,2000,4,74
0.0066266,25,4,75
0.0037376,50,4,75
0.0033966,75,4,75
0.0039485,100,4,75
0.0025298,125,4,75
0.0027058,150,4,75
0.0029218,175,4,75
0.0013801,200,4,75
0.001661,225,4,75
0.0026553,250,4,75
0.0022264,275,4,75
0.0024261,300,4,75
0.0020808,325,4,75
0.003117,350,4,75
0.002002,375,4,75
0.0022233,400,4,75
0.0022609,425,4,75
0.0014219,450,4,75
0.00082238,475,4,75
0.0023977,500,4,75
0.0023027,525,4,75
0.00044093,550,4,75
0.0013335,575,4,75
0.001929,600,4,75
0.0019959,625,4,75
0.0012048,650,4,75
0.0033106,675,4,75
0.0013957,700,4,75
0.0023586,725,4,75
0.0025348,750,4,75
0.0033272,775,4,75
0.00052484,800,4,75
0.0021225,825,4,75
0.0013077,850,4,75
0.0017045,875,4,75
0.0012089,900,4,75
0.0014232,925,4,75
0.0017714,950,4,75
0.0010898,975,4,75
0.0019901,1000,4,75
0.001913,1025,4,75
0.0013,1050,4,75
0.0021311,1075,4,75
0.0014803,1100,4,75
0.0011452,1125,4,75
0.001006,1150,4,75
0.0012656,1175,4,75
0.00084731,1200,4,75
0.0016734,1225,4,75
0.0017328,1250,4,75
0.0012162,1275,4,75
0.0014781,1300,4,75
0.0021222,1325,4,75
0.00078901,1350,4,75
0.00085251,1375,4,75
0.0010424,1400,4,75
0.0021695,1425,4,75
0.0017423,1450,4,75
0.0011433,1475,4,75
0.00070541,1500,4,75
0.0018613,1525,4,75
0.0015195,1550,4,75
0.0017883,1575,4,75
0.0012777,1600,4,75
0.0011693,1625,4,75
0.0016819,1650,4,75
0.00072671,1675,4,75
0.0014671,1700,4,75
0.00096784,1725,4,75
0.0014455,1750,4,75
0.0013821,1775,4,75
0.0011509,1800,4,75
0.0013094,1825,4,75
0.001285,1850,4,75
0.001419,1875,4,75
0.0016626,1950,4,75
0.00081993,1975,4,75
0.0015571,2000,4,75
0.0039868,25,4,76
0.007601,50,4,76
0.0022258,75,4,76
0.004655,100,4,76
0.0027073,125,4,76
0.0023636,150,4,76
0.003388,175,4,76
0.0018919,200,4,76
0.0033367,225,4,76
0.0026159,250,4,76
0.0032898,275,4,76
0.0025695,300,4,76
0.0017691,325,4,76
0.0042649,350,4,76
0.0021477,375,4,76
0.0018303,400,4,76
0.0024899,425,4,76
0.0030539,450,4,76
0.0030694,475,4,76
0.0022679,500,4,76
0.0035111,525,4,76
0.0033308,550,4,76
0.0013676,575,4,76
0.002766,600,4,76
0.0045806,625,4,76
0.001298,650,4,76
0.0027748,675,4,76
0.002409,700,4,76
0.0023942,725,4,76
0.0017944,750,4,76
0.0023142,775,4,76
0.0024004,800,4,76
0.0033503,825,4,76
0.0024294,850,4,76
0.0016518,875,4,76
0.0025491,900,4,76
0.0015822,925,4,76
0.0021569,950,4,76
0.0027665,975,4,76
0.0022846,1000,4,76
0.0024659,1025,4,76
0.0022362,1050,4,76
0.0022684,1075,4,76
0.00079115,1100,4,76
0.0028736,1125,4,76
0.0011365,1150,4,76
0.0017699,1175,4,76
0.00095988,1200,4,76
0.0037983,1225,4,76
0.0012486,1250,4,76
0.0024326,1275,4,76
0.0021861,1300,4,76
0.0022996,1325,4,76
0.002236,1350,4,76
0.0023121,1375,4,76
0.0011433,1400,4,76
0.001969,1425,4,76
0.002183,1450,4,76
0.0013853,1475,4,76
0.0020598,1500,4,76
0.0020968,1525,4,76
0.001565,1550,4,76
0.0029138,1575,4,76
0.0024595,1600,4,76
0.0022447,1625,4,76
0.0018592,1650,4,76
0.0025419,1675,4,76
0.00096542,1700,4,76
0.002118,1725,4,76
0.0013478,1750,4,76
0.0021971,1775,4,76
0.0019971,1800,4,76
0.0045083,1825,4,76
0.002303,1850,4,76
0.0022586,1875,4,76
0.0023933,1950,4,76
0.0024149,1975,4,76
0.0022405,2000,4,76
0.0055166,25,4,77
0.0031779,50,4,77
0.0037666,75,4,77
0.003066,100,4,77
0.0043375,125,4,77
0.0086254,150,4,77
0.0024361,175,4,77
0.0012374,200,4,77
0.0051069,225,4,77
0.0032667,250,4,77
0.0011728,275,4,77
0.002578,450,4,77
0.00093884,475,4,77
0.0014904,525,4,77
0.0012727,550,4,77
0.0037043,575,4,77
0.00090556,600,4,77
0.0028709,625,4,77
0.0034483,650,4,77
0.0055819,675,4,77
0.0032399,700,4,77
0.0035828,725,4,77
0.0048702,750,4,77
0.0015635,775,4,77
0.0019479,800,4,77
0.0035268,825,4,77
0.0018668,850,4,77
0.0019388,875,4,77
0.0031681,900,4,77
0.0044174,950,4,77
0.0023189,975,4,77
0.0066405,1000,4,77
0.0019257,1025,4,77
0.0019987,1050,4,77
0.0034872,1075,4,77
0.0050657,1100,4,77
0.0029541,1125,4,77
0.0012563,1150,4,77
0.0015952,1175,4,77
0.0022324,1225,4,77
0.0044995,1250,4,77
0.0029536,1275,4,77
0.0035194,1300,4,77
0.0036591,1325,4,77
0.0033056,1350,4,77
0.0010139,1375,4,77
0.0014668,1400,4,77
0.0025588,1425,4,77
0.0016672,1450,4,77
0.0039658,1475,4,77
0.0022128,1500,4,77
0.0034423,1525,4,77
0.00081628,1550,4,77
0.0022128,1575,4,77
0.0028688,1650,4,77
0.0025754,1675,4,77
0.0029195,1700,4,77
0.0010297,1725,4,77
0.0019452,1775,4,77
0.0020927,1800,4,77
0.0038051,1825,4,77
0.0039726,1850,4,77
0.0037936,1875,4,77
0.001077,1950,4,77
0.00079524,1975,4,77
0.0072298,25,4,78
0.0040817,125,4,78
0.004832,150,4,78
0.0052665,200,4,78
0.007919,225,4,78
0.0025435,250,4,78
0.0025963,275,4,78
0.0028396,300,4,78
0.0039933,325,4,78
0.0017518,350,4,78
0.0033297,375,4,78
0.0032257,400,4,78
0.0034624,425,4,78
0.0036822,450,4,78
0.0041105,475,4,78
0.0041077,500,4,78
0.0043292,525,4,78
0.0036425,550,4,78
0.0036303,575,4,78
0.0041627,600,4,78
0.0034369,625,4,78
0.0015577,650,4,78
0.0024511,675,4,78
0.008461,700,4,78
0.0038572,725,4,78
0.0064165,750,4,78
0.0054402,775,4,78
0.0040027,800,4,78
0.004015,825,4,78
0.0039465,850,4,78
0.0041783,875,4,78
0.0053822,900,4,78
0.0030731,925,4,78
0.0040992,950,4,78
0.0024797,975,4,78
0.0045688,1000,4,78
0.005592,1025,4,78
0.0063651,1050,4,78
0.0057417,1075,4,78
0.0032382,1100,4,78
0.004143,1125,4,78
0.0019849,1150,4,78
0.0029125,1175,4,78
0.0018328,1200,4,78
0.0043378,1225,4,78
0.0059001,1250,4,78
0.0042193,1275,4,78
0.0043529,1300,4,78
0.0062794,1325,4,78
0.0032192,1350,4,78
0.00517,1375,4,78
0.0024894,1400,4,78
0.0042248,1425,4,78
0.0029309,1450,4,78
0.0031498,1475,4,78
0.0024689,1500,4,78
0.0029687,1525,4,78
0.0028845,1550,4,78
0.0024855,1575,4,78
0.0024355,1600,4,78
0.0036458,1625,4,78
0.0058581,1650,4,78
0.0029432,1675,4,78
0.0035571,1700,4,78
0.00263,1725,4,78
0.0032244,1750,4,78
0.0020558,1775,4,78
0.0015048,1800,4,78
0.0034268,1825,4,78
0.0041653,1850,4,78
0.0072076,1875,4,78
0.0022729,1950,4,78
0.0024773,1975,4,78
0.0017934,2000,4,78
0.0020494,25,4,79
0.0055007,50,4,79
0.0030497,75,4,79
0.003563,100,4,79
0.003905,125,4,79
0.0027299,150,4,79
0.0038036,175,4,79
0.0052285,200,4,79
0.0030087,225,4,79
0.0042128,275,4,79
0.0063837,300,4,79
0.0077369,325,4,79
0.0030126,425,4,79
0.0017664,450,4,79
0.0027988,475,4,79
0.0021534,500,4,79
0.002614,525,4,79
0.0052083,550,4,79
0.0034868,575,4,79
0.0053656,600,4,79
0.0029089,625,4,79
0.0045353,650,4,79
0.0027504,675,4,79
0.0032995,700,4,79
0.0050841,725,4,79
0.0066684,750,4,79
0.0047248,775,4,79
0.0079337,800,4,79
0.003236,825,4,79
0.0041477,850,4,79
0.0029616,875,4,79
0.0030405,900,4,79
0.0026797,925,4,79
0.002305,950,4,79
0.0014653,975,4,79
0.0041608,1000,4,79
0.0041183,1025,4,79
0.0030466,1050,4,79
0.0036939,1075,4,79
0.0051201,1100,4,79
0.0047525,1125,4,79
0.0023487,1150,4,79
0.0036447,1175,4,79
0.0034055,1200,4,79
0.0044638,1425,4,79
0.0027136,1450,4,79
0.0018545,1475,4,79
0.0024546,1500,4,79
0.0034665,1525,4,79
0.0032301,1550,4,79
0.0023991,1575,4,79
0.0022474,1600,4,79
0.0026643,1625,4,79
0.0034767,1650,4,79
0.0013493,1675,4,79
0.0029709,1700,4,79
0.002737,1725,4,79
0.0022133,1750,4,79
0.0031991,1775,4,79
0.0026102,1800,4,79
0.0016615,1825,4,79
0.0026163,1850,4,79
0.003569,1875,4,79
0.0026377,1950,4,79
0.0018143,1975,4,79
0.0018984,2000,4,79
0.0047221,50,4,80
0.0034682,75,4,80
0.008888,100,4,80
0.003985,125,4,80
0.0035064,150,4,80
0.0057335,175,4,80
0.009199,200,4,80
0.0028064,425,4,80
0.0035993,450,4,80
0.0045779,475,4,80
0.0061215,500,4,80
0.0048213,525,4,80
0.0049227,550,4,80
0.0052926,575,4,80
0.0042567,600,4,80
0.0057966,625,4,80
0.0094285,650,4,80
0.0022287,675,4,80
0.0067421,700,4,80
0.0036927,725,4,80
0.0056291,750,4,80
0.0084316,775,4,80
0.0013305,800,4,80
0.0079139,825,4,80
0.0046577,850,4,80
0.0037293,875,4,80
0.0047077,900,4,80
0.0034288,925,4,80
0.0064892,950,4,80
0.0030262,975,4,80
0.0030086,1000,4,80
0.0048007,1025,4,80
0.0047816,1050,4,80
0.0067044,1075,4,80
0.0026409,1100,4,80
0.0054325,1125,4,80
0.0027033,1150,4,80
0.0050971,1175,4,80
0.0049384,1200,4,80
0.007785,1225,4,80
0.0041,1250,4,80
0.0059742,1275,4,80
0.0054283,1300,4,80
0.0046201,1325,4,80
0.0063345,1350,4,80
0.0029369,1375,4,80
0.0053197,1400,4,80
0.0043734,1425,4,80
0.0031364,1450,4,80
0.0047886,1475,4,80
0.0055942,1500,4,80
0.0075022,1525,4,80
0.0043163,1550,4,80
0.0058238,1575,4,80
0.0049204,1600,4,80
0.0022983,1625,4,80
0.0056943,1650,4,80
0.006896,1675,4,80
0.0052108,1700,4,80
0.0066342,1725,4,80
0.0045091,1750,4,80
0.0051213,1775,4,80
0.0052742,1800,4,80
0.0070968,1825,4,80
0.0063463,1850,4,80
0.0058731,1875,4,80
0.003336,1950,4,80
0.0042439,1975,4,80
0.0030634,2000,4,80
0.0023854,50,4,81
0.0036023,75,4,81
0.0017005,100,4,81
0.0012763,125,4,81
0.0023416,150,4,81
0.0026362,175,4,81
0.0036187,200,4,81
0.0032236,225,4,81
0.0027152,250,4,81
0.0044481,275,4,81
0.0022258,300,4,81
0.0031418,325,4,81
0.0027892,350,4,81
0.0044103,375,4,81
0.0023425,400,4,81
0.0029341,425,4,81
0.0033473,450,4,81
0.0020155,475,4,81
0.004069,500,4,81
0.0019623,525,4,81
0.003304,550,4,81
0.0019206,575,4,81
0.0023791,600,4,81
0.005976,625,4,81
0.0029656,650,4,81
0.0034026,675,4,81
0.0036082,700,4,81
0.0033728,725,4,81
0.0034676,750,4,81
0.0030433,775,4,81
0.0019465,800,4,81
0.0020686,825,4,81
0.0018315,850,4,81
0.0033148,875,4,81
0.0017077,900,4,81
0.0017193,925,4,81
0.001738,950,4,81
0.0023041,975,4,81
0.0020847,1000,4,81
0.0028291,1025,4,81
0.0014729,1050,4,81
0.0016082,1075,4,81
0.0021938,1100,4,81
0.0027988,1125,4,81
0.0023185,1150,4,81
0.0013526,1175,4,81
0.0022297,1200,4,81
0.0024196,1225,4,81
0.0021124,1250,4,81
0.0014493,1275,4,81
0.002552,1300,4,81
0.0016722,1325,4,81
0.0013085,1350,4,81
0.0021627,1375,4,81
0.0012403,1400,4,81
0.0016259,1425,4,81
0.0024192,1450,4,81
0.0023139,1475,4,81
0.0014031,1500,4,81
0.0014947,1525,4,81
0.0017363,1550,4,81
0.0011406,1575,4,81
0.0020054,1600,4,81
0.0015053,1625,4,81
0.0020741,1650,4,81
0.0010377,1675,4,81
0.00092805,1700,4,81
0.0014753,1725,4,81
0.0013058,1750,4,81
0.00070174,1775,4,81
0.0012734,1800,4,81
0.0019613,1825,4,81
0.0013423,1850,4,81
0.0013954,1875,4,81
0.0014906,1950,4,81
0.0010592,1975,4,81
0.0010987,2000,4,81
