0.049413,75,1,1
0.056599,150,1,1
0.061053,175,1,1
0.059696,200,1,1
0.071659,25,1,2
0.10545,50,1,2
0.069872,75,1,2
0.057882,150,1,2
0.058897,175,1,2
0.08629,200,1,2
0.061077,50,1,3
0.06081,75,1,3
0.062607,150,1,3
0.060502,175,1,3
0.041157,200,1,3
0.044357,150,1,4
0.030434,175,1,4
0.072323,200,1,4
0.056487,50,1,5
0.062953,75,1,5
0.049977,150,1,5
0.074245,175,1,5
0.068345,200,1,5
0.051517,50,1,6
0.034663,75,1,6
0.0687,175,1,6
0.053788,200,1,6
0.06683,25,1,7
0.073128,50,1,7
0.041469,75,1,7
0.054325,150,1,7
0.046798,175,1,7
0.078965,200,1,7
0.04823,150,1,8
0.056748,50,1,10
0.076614,75,1,10
0.062917,150,1,10
0.04943,175,1,10
0.056795,200,1,10
0.071782,75,1,11
0.049024,150,1,11
0.051942,175,1,11
0.06804,200,1,11
0.04971,50,1,12
0.043384,75,1,12
0.078885,150,1,12
0.044266,175,1,12
0.047565,200,1,12
0.052941,25,1,13
0.05566,50,1,13
0.036985,75,1,13
0.047054,150,1,13
0.042052,175,1,13
0.051676,200,1,13
0.062064,25,1,14
0.056843,50,1,14
0.048415,75,1,14
0.040364,150,1,14
0.051475,175,1,14
0.047087,200,1,14
0.069973,50,1,17
0.047621,175,1,17
0.048149,200,1,17
0.074926,50,1,21
0.062308,75,1,21
0.068857,150,1,21
0.042366,175,1,21
0.067313,25,2,22
0.069702,50,2,22
0.067869,75,2,22
0.059252,100,2,22
0.062012,125,2,22
0.062293,150,2,22
0.049418,175,2,22
0.070999,200,2,22
0.06258,225,2,22
0.040622,250,2,22
0.039667,275,2,22
0.033475,300,2,22
0.04733,325,2,22
0.042364,350,2,22
0.041451,375,2,22
0.052862,400,2,22
0.044693,425,2,22
0.037175,450,2,22
0.050743,475,2,22
0.04262,550,2,22
0.052014,575,2,22
0.034779,600,2,22
0.041079,625,2,22
0.046643,650,2,22
0.024043,675,2,22
0.035266,700,2,22
0.033748,725,2,22
0.031399,750,2,22
0.036332,775,2,22
0.03804,800,2,22
0.042453,825,2,22
0.032734,850,2,22
0.034654,875,2,22
0.030111,900,2,22
0.037446,925,2,22
0.031819,950,2,22
0.038801,975,2,22
0.03236,1000,2,22
0.063055,25,2,23
0.079813,50,2,23
0.076534,75,2,23
0.063658,100,2,23
0.066157,125,2,23
0.046514,150,2,23
0.061932,175,2,23
0.0532,200,2,23
0.04816,225,2,23
0.043577,250,2,23
0.031776,275,2,23
0.035764,300,2,23
0.030947,325,2,23
0.041978,350,2,23
0.040783,375,2,23
0.038038,400,2,23
0.077512,425,2,23
0.047794,450,2,23
0.06324,475,2,23
0.068041,550,2,23
0.053083,575,2,23
0.037767,600,2,23
0.061512,625,2,23
0.038176,650,2,23
0.05559,675,2,23
0.044011,700,2,23
0.041723,725,2,23
0.040482,750,2,23
0.041441,775,2,23
0.032346,800,2,23
0.037436,825,2,23
0.038315,850,2,23
0.028751,875,2,23
0.036148,900,2,23
0.034005,925,2,23
0.032892,950,2,23
0.040739,975,2,23
0.034717,1000,2,23
0.058873,375,2,24
0.064904,475,2,24
0.054933,575,2,24
0.07557,600,2,24
0.04986,625,2,24
0.05155,650,2,24
0.040324,675,2,24
0.049955,700,2,24
0.056895,725,2,24
0.060924,750,2,24
0.046395,775,2,24
0.049772,800,2,24
0.039892,850,2,24
0.047931,875,2,24
0.051892,900,2,24
0.057193,925,2,24
0.060471,950,2,24
0.056385,975,2,24
0.059596,1000,2,24
0.069494,25,2,25
0.063885,50,2,25
0.039575,75,2,25
0.039768,100,2,25
0.056553,125,2,25
0.056834,150,2,25
0.031556,175,2,25
0.054386,225,2,25
0.034115,250,2,25
0.047491,275,2,25
0.041142,300,2,25
0.046844,325,2,25
0.035522,350,2,25
0.037934,375,2,25
0.03595,400,2,25
0.030197,425,2,25
0.042787,450,2,25
0.03621,475,2,25
0.041943,550,2,25
0.035791,575,2,25
0.035478,600,2,25
0.068021,625,2,25
0.033778,650,2,25
0.033325,675,2,25
0.036471,700,2,25
0.04967,725,2,25
0.034546,750,2,25
0.029302,775,2,25
0.037767,800,2,25
0.029014,825,2,25
0.025965,850,2,25
0.058797,875,2,25
0.028204,900,2,25
0.032522,925,2,25
0.046459,950,2,25
0.036893,975,2,25
0.038797,1000,2,25
0.070366,50,2,26
0.052108,75,2,26
0.052647,100,2,26
0.069499,150,2,26
0.047232,175,2,26
0.071656,200,2,26
0.078803,225,2,26
0.047551,250,2,26
0.056693,275,2,26
0.061565,300,2,26
0.042919,325,2,26
0.045499,350,2,26
0.072576,425,2,26
0.045617,450,2,26
0.053166,475,2,26
0.064376,550,2,26
0.049946,575,2,26
0.068911,600,2,26
0.042807,650,2,26
0.06101,675,2,26
0.05972,700,2,26
0.042081,725,2,26
0.041972,750,2,26
0.0493,775,2,26
0.047562,800,2,26
0.040369,825,2,26
0.049754,850,2,26
0.050417,875,2,26
0.054847,900,2,26
0.058528,925,2,26
0.073708,950,2,26
0.046791,975,2,26
0.052069,1000,2,26
0.050779,125,2,27
0.063216,150,2,27
0.058966,50,2,28
0.094496,100,2,28
0.060438,125,2,28
0.061923,150,2,28
0.05402,175,2,28
0.070479,200,2,28
0.073406,225,2,28
0.064324,250,2,28
0.079715,275,2,28
0.085232,300,2,28
0.06792,325,2,28
0.04941,350,2,28
0.051864,375,2,28
0.06183,400,2,28
0.044911,425,2,28
0.052805,450,2,28
0.057036,475,2,28
0.066074,550,2,28
0.046587,575,2,28
0.040474,600,2,28
0.048125,625,2,28
0.046286,650,2,28
0.048808,675,2,28
0.05522,700,2,28
0.066797,725,2,28
0.0453,750,2,28
0.046442,775,2,28
0.03382,800,2,28
0.043326,825,2,28
0.050466,850,2,28
0.039278,875,2,28
0.037546,900,2,28
0.042179,925,2,28
0.036678,950,2,28
0.037635,975,2,28
0.047218,1000,2,28
0.082056,150,2,29
0.060378,175,2,29
0.054975,200,2,29
0.037345,275,2,29
0.044419,300,2,29
0.045901,325,2,29
0.041065,350,2,29
0.030933,375,2,29
0.026003,400,2,29
0.072604,425,2,29
0.036118,450,2,29
0.04115,475,2,29
0.072683,550,2,29
0.053335,575,2,29
0.063407,600,2,29
0.042873,625,2,29
0.053212,650,2,29
0.044975,675,2,29
0.041667,725,2,29
0.030675,750,2,29
0.027325,775,2,29
0.042279,800,2,29
0.043443,825,2,29
0.032607,850,2,29
0.033409,875,2,29
0.024974,900,2,29
0.028942,925,2,29
0.026789,950,2,29
0.035882,975,2,29
0.03323,1000,2,29
0.056609,100,2,30
0.045737,125,2,30
0.063069,150,2,30
0.063438,175,2,30
0.058296,200,2,30
0.075941,225,2,30
0.064864,250,2,30
0.040678,275,2,30
0.048673,300,2,30
0.057834,325,2,30
0.05025,350,2,30
0.054723,375,2,30
0.044849,400,2,30
0.061758,425,2,30
0.068766,450,2,30
0.064064,475,2,30
0.050925,550,2,30
0.073138,575,2,30
0.066788,600,2,30
0.057164,625,2,30
0.053755,650,2,30
0.059743,675,2,30
0.051537,700,2,30
0.049208,725,2,30
0.045331,750,2,30
0.051194,775,2,30
0.054004,800,2,30
0.051777,825,2,30
0.048159,850,2,30
0.035037,875,2,30
0.041516,900,2,30
0.052178,925,2,30
0.030634,950,2,30
0.034395,975,2,30
0.044334,1000,2,30
0.06153,25,2,31
0.03487,50,2,31
0.052795,75,2,31
0.056437,100,2,31
0.051291,125,2,31
0.049498,150,2,31
0.047069,175,2,31
0.028363,200,2,31
0.039333,225,2,31
0.050712,250,2,31
0.040769,275,2,31
0.046131,300,2,31
0.053466,325,2,31
0.044204,350,2,31
0.040661,375,2,31
0.078332,400,2,31
0.050943,425,2,31
0.064141,450,2,31
0.036889,475,2,31
0.0525,550,2,31
0.035482,575,2,31
0.053815,600,2,31
0.05248,625,2,31
0.047701,650,2,31
0.05345,675,2,31
0.046133,700,2,31
0.045239,725,2,31
0.057556,750,2,31
0.051959,775,2,31
0.038303,800,2,31
0.062936,825,2,31
0.02349,850,2,31
0.037421,875,2,31
0.04243,900,2,31
0.051263,925,2,31
0.039322,950,2,31
0.055172,975,2,31
0.054537,1000,2,31
0.068408,200,2,32
0.063064,225,2,32
0.045161,350,2,32
0.056244,375,2,32
0.06677,400,2,32
0.059089,425,2,32
0.062939,450,2,32
0.076189,475,2,32
0.074403,550,2,32
0.056267,575,2,32
0.06856,600,2,32
0.044723,625,2,32
0.056822,650,2,32
0.058885,675,2,32
0.051379,700,2,32
0.053423,725,2,32
0.060847,750,2,32
0.063052,775,2,32
0.062641,800,2,32
0.057601,825,2,32
0.055349,850,2,32
0.055652,875,2,32
0.057085,900,2,32
0.043342,925,2,32
0.042054,950,2,32
0.034974,975,2,32
0.045652,1000,2,32
0.06925,150,2,33
0.036584,175,2,33
0.036842,200,2,33
0.062915,225,2,33
0.079375,250,2,33
0.064721,700,2,33
0.050752,25,2,34
0.050415,50,2,34
0.056512,100,2,34
0.055899,125,2,34
0.046947,150,2,34
0.063296,175,2,34
0.062529,200,2,34
0.066844,225,2,34
0.063104,250,2,34
0.062106,275,2,34
0.037547,300,2,34
0.059932,325,2,34
0.066425,350,2,34
0.06395,375,2,34
0.059799,400,2,34
0.04158,425,2,34
0.04999,450,2,34
0.061115,475,2,34
0.078075,550,2,34
0.055579,575,2,34
0.053052,600,2,34
0.060127,625,2,34
0.051129,650,2,34
0.034671,675,2,34
0.047297,700,2,34
0.025284,725,2,34
0.042512,750,2,34
0.039352,775,2,34
0.041631,800,2,34
0.039765,825,2,34
0.05981,850,2,34
0.061527,875,2,34
0.053851,900,2,34
0.031832,925,2,34
0.036968,950,2,34
0.045426,975,2,34
0.047843,1000,2,34
0.064498,175,2,35
0.076669,200,2,35
0.069024,225,2,35
0.05111,250,2,35
0.075618,275,2,35
0.070586,300,2,35
0.076789,325,2,35
0.043634,350,2,35
0.052774,375,2,35
0.055834,400,2,35
0.06095,425,2,35
0.047835,450,2,35
0.0454,475,2,35
0.080043,550,2,35
0.075286,575,2,35
0.074157,600,2,35
0.05982,625,2,35
0.07213,650,2,35
0.099973,675,2,35
0.049027,700,2,35
0.052788,725,2,35
0.054295,750,2,35
0.06352,775,2,35
0.063444,800,2,35
0.037494,825,2,35
0.079052,850,2,35
0.039235,875,2,35
0.094545,900,2,35
0.063183,925,2,35
0.07122,950,2,35
0.067254,975,2,35
0.053483,1000,2,35
0.078693,225,2,36
0.068633,250,2,36
0.069984,275,2,36
0.066294,300,2,36
0.056951,325,2,36
0.067934,350,2,36
0.045968,375,2,36
0.049406,400,2,36
0.043957,425,2,36
0.056272,450,2,36
0.05929,475,2,36
0.037589,550,2,36
0.040199,575,2,36
0.032854,600,2,36
0.041914,625,2,36
0.039917,650,2,36
0.036605,675,2,36
0.066387,700,2,36
0.054773,725,2,36
0.048711,750,2,36
0.052753,775,2,36
0.060057,800,2,36
0.043996,825,2,36
0.05305,850,2,36
0.032056,875,2,36
0.02551,900,2,36
0.032055,925,2,36
0.072322,950,2,36
0.048339,225,2,37
0.059103,325,2,37
0.080698,375,2,37
0.085037,400,2,37
0.047085,450,2,37
0.045313,475,2,37
0.06841,550,2,37
0.061188,575,2,37
0.050733,600,2,37
0.038498,625,2,37
0.036856,650,2,37
0.045993,675,2,37
0.053831,700,2,37
0.055767,725,2,37
0.055904,750,2,37
0.051688,775,2,37
0.054358,800,2,37
0.054691,825,2,37
0.037151,850,2,37
0.057456,875,2,37
0.046771,900,2,37
0.062752,925,2,37
0.036249,950,2,37
0.037325,975,2,37
0.059663,1000,2,37
0.05784,75,2,38
0.067796,100,2,38
0.050965,125,2,38
0.077185,150,2,38
0.052617,175,2,38
0.079081,200,2,38
0.064968,225,2,38
0.051836,250,2,38
0.046704,275,2,38
0.055954,300,2,38
0.055632,325,2,38
0.058175,350,2,38
0.057925,375,2,38
0.072746,400,2,38
0.06326,425,2,38
0.052741,450,2,38
0.031273,475,2,38
0.062592,550,2,38
0.088152,575,2,38
0.056763,600,2,38
0.07064,625,2,38
0.051293,650,2,38
0.047588,675,2,38
0.047294,700,2,38
0.06276,725,2,38
0.045746,750,2,38
0.04425,775,2,38
0.04373,800,2,38
0.047041,825,2,38
0.038427,850,2,38
0.0554,875,2,38
0.053744,900,2,38
0.085818,925,2,38
0.043683,950,2,38
0.060519,975,2,38
0.043556,1000,2,38
0.06186,50,2,39
0.078032,75,2,39
0.061182,100,2,39
0.073711,125,2,39
0.06148,150,2,39
0.075838,175,2,39
0.069615,200,2,39
0.06054,225,2,39
0.058321,250,2,39
0.063985,275,2,39
0.050752,300,2,39
0.05167,325,2,39
0.067849,350,2,39
0.076366,375,2,39
0.05632,400,2,39
0.073883,425,2,39
0.075578,450,2,39
0.046958,475,2,39
0.075145,550,2,39
0.055332,575,2,39
0.042288,600,2,39
0.068502,625,2,39
0.042382,650,2,39
0.034922,675,2,39
0.04461,700,2,39
0.040609,725,2,39
0.039186,750,2,39
0.04928,775,2,39
0.040522,800,2,39
0.064813,825,2,39
0.052359,850,2,39
0.054776,875,2,39
0.039215,900,2,39
0.053574,925,2,39
0.040126,950,2,39
0.04407,975,2,39
0.048604,1000,2,39
0.048594,25,2,40
0.072565,150,2,40
0.043804,225,2,40
0.049484,275,2,40
0.067193,375,2,40
0.060114,625,2,40
0.061776,650,2,40
0.040766,700,2,40
0.05687,725,2,40
0.028906,750,2,40
0.057933,775,2,40
0.061066,800,2,40
0.07224,825,2,40
0.057812,850,2,40
0.062744,875,2,40
0.066155,900,2,40
0.082534,925,2,40
0.056971,950,2,40
0.049874,975,2,40
0.073682,1000,2,40
0.060049,25,2,41
0.06216,50,2,41
0.060515,75,2,41
0.06961,100,2,41
0.056224,125,2,41
0.042691,150,2,41
0.050702,175,2,41
0.049413,200,2,41
0.065973,225,2,41
0.034557,250,2,41
0.042982,275,2,41
0.057029,300,2,41
0.041087,325,2,41
0.039347,350,2,41
0.048681,375,2,41
0.046631,400,2,41
0.044149,425,2,41
0.0377,450,2,41
0.048931,475,2,41
0.03861,550,2,41
0.054926,575,2,41
0.047996,600,2,41
0.052286,625,2,41
0.028411,650,2,41
0.057141,675,2,41
0.055426,700,2,41
0.042242,725,2,41
0.051042,750,2,41
0.045903,775,2,41
0.040642,800,2,41
0.047111,825,2,41
0.038272,850,2,41
0.0504,875,2,41
0.050788,900,2,41
0.051072,925,2,41
0.074284,950,2,41
0.041873,975,2,41
0.043132,1000,2,41
0.053974,25,3,42
0.040103,50,3,42
0.049958,75,3,42
0.069691,100,3,42
0.05435,125,3,42
0.03407,150,3,42
0.069016,175,3,42
0.068081,200,3,42
0.061005,225,3,42
0.074022,250,3,42
0.06526,275,3,42
0.071178,300,3,42
0.066862,325,3,42
0.058138,350,3,42
0.05775,375,3,42
0.056658,400,3,42
0.070912,425,3,42
0.081947,450,3,42
0.074707,475,3,42
0.056231,500,3,42
0.058312,525,3,42
0.058309,550,3,42
0.055153,575,3,42
0.060697,600,3,42
0.048219,625,3,42
0.043528,650,3,42
0.059928,675,3,42
0.05221,700,3,42
0.035959,725,3,42
0.045045,750,3,42
0.047289,775,3,42
0.036344,800,3,42
0.055782,825,3,42
0.041851,850,3,42
0.047045,875,3,42
0.050959,950,3,42
0.055981,975,3,42
0.063862,1000,3,42
0.066408,675,3,43
0.061771,700,3,43
0.046842,850,3,43
0.074011,875,3,43
0.070797,975,3,43
0.11388,1000,3,43
0.076853,25,3,44
0.096859,50,3,44
0.077868,75,3,44
0.054502,100,3,44
0.060979,150,3,44
0.070237,250,3,44
0.060694,350,3,44
0.10019,450,3,44
0.080982,475,3,44
0.066566,500,3,44
0.070781,525,3,44
0.042427,550,3,44
0.04836,575,3,44
0.062051,600,3,44
0.07682,625,3,44
0.05233,650,3,44
0.073362,825,3,44
0.062473,850,3,44
0.078288,875,3,44
0.076858,975,3,44
0.049929,1000,3,44
0.050323,75,3,45
0.079247,100,3,45
0.050975,125,3,45
0.07326,150,3,45
0.065953,175,3,45
0.048826,200,3,45
0.040525,225,3,45
0.050464,250,3,45
0.05127,275,3,45
0.070918,300,3,45
0.040561,325,3,45
0.051071,350,3,45
0.051673,375,3,45
0.042149,400,3,45
0.049045,425,3,45
0.040074,450,3,45
0.037036,475,3,45
0.038043,500,3,45
0.054458,525,3,45
0.032433,550,3,45
0.046447,575,3,45
0.04255,600,3,45
0.050465,625,3,45
0.051599,650,3,45
0.057015,675,3,45
0.044499,700,3,45
0.046597,725,3,45
0.034078,750,3,45
0.043609,775,3,45
0.047933,800,3,45
0.03935,825,3,45
0.049599,850,3,45
0.038513,875,3,45
0.052986,950,3,45
0.036772,975,3,45
0.039657,1000,3,45
0.036894,25,3,46
0.024988,50,3,46
0.038768,75,3,46
0.032297,100,3,46
0.04193,125,3,46
0.035217,150,3,46
0.053939,175,3,46
0.046754,200,3,46
0.038255,225,3,46
0.05145,250,3,46
0.039981,275,3,46
0.054198,300,3,46
0.043415,325,3,46
0.033857,350,3,46
0.041585,375,3,46
0.033351,400,3,46
0.049857,425,3,46
0.054506,450,3,46
0.04681,475,3,46
0.039562,500,3,46
0.058906,525,3,46
0.047867,550,3,46
0.050825,575,3,46
0.052231,600,3,46
0.045032,625,3,46
0.047235,650,3,46
0.040929,675,3,46
0.046711,700,3,46
0.047493,725,3,46
0.05561,750,3,46
0.040534,775,3,46
0.028368,800,3,46
0.042104,825,3,46
0.045808,850,3,46
0.045336,875,3,46
0.053593,950,3,46
0.039846,975,3,46
0.047208,1000,3,46
0.075188,50,3,47
0.077109,75,3,47
0.047443,100,3,47
0.054331,150,3,47
0.085414,175,3,47
0.062254,225,3,47
0.052668,250,3,47
0.04467,275,3,47
0.052858,300,3,47
0.054096,325,3,47
0.062028,350,3,47
0.052309,375,3,47
0.067375,400,3,47
0.047502,425,3,47
0.036158,450,3,47
0.06976,475,3,47
0.057464,500,3,47
0.056569,525,3,47
0.062968,550,3,47
0.051286,575,3,47
0.052846,600,3,47
0.054102,625,3,47
0.049965,650,3,47
0.070777,675,3,47
0.066903,700,3,47
0.048674,725,3,47
0.059901,750,3,47
0.065559,775,3,47
0.04692,800,3,47
0.042873,825,3,47
0.04761,850,3,47
0.044737,875,3,47
0.041188,950,3,47
0.042994,975,3,47
0.041911,1000,3,47
0.046597,50,3,48
0.072417,100,3,48
0.071299,125,3,48
0.068155,150,3,48
0.04987,175,3,48
0.07142,200,3,48
0.048407,225,3,48
0.053093,250,3,48
0.048422,275,3,48
0.041899,300,3,48
0.052946,325,3,48
0.059103,350,3,48
0.055622,375,3,48
0.049651,400,3,48
0.051784,425,3,48
0.049073,450,3,48
0.038609,475,3,48
0.042978,500,3,48
0.037439,525,3,48
0.036171,550,3,48
0.031147,575,3,48
0.053808,600,3,48
0.05655,625,3,48
0.032777,650,3,48
0.050241,675,3,48
0.065209,700,3,48
0.060502,725,3,48
0.04292,750,3,48
0.057726,775,3,48
0.052551,800,3,48
0.041717,825,3,48
0.042415,850,3,48
0.045181,875,3,48
0.038405,950,3,48
0.043681,975,3,48
0.047088,1000,3,48
0.070893,25,3,49
0.045375,50,3,49
0.078967,75,3,49
0.070201,125,3,49
0.093622,150,3,49
0.077233,175,3,49
0.030534,200,3,49
0.073996,225,3,49
0.063756,250,3,49
0.059475,275,3,49
0.062032,300,3,49
0.05292,325,3,49
0.057526,350,3,49
0.04079,375,3,49
0.036758,400,3,49
0.04985,425,3,49
0.037812,450,3,49
0.042006,475,3,49
0.052419,500,3,49
0.048138,525,3,49
0.036455,550,3,49
0.034181,575,3,49
0.032228,600,3,49
0.046473,625,3,49
0.033881,650,3,49
0.047043,675,3,49
0.041992,700,3,49
0.045107,725,3,49
0.034849,750,3,49
0.038943,775,3,49
0.037362,800,3,49
0.035991,825,3,49
0.047991,850,3,49
0.031019,875,3,49
0.03317,950,3,49
0.036643,975,3,49
0.043312,1000,3,49
0.044405,50,3,50
0.062796,75,3,50
0.078567,100,3,50
0.052567,125,3,50
0.041083,150,3,50
0.039668,175,3,50
0.044629,200,3,50
0.057683,225,3,50
0.041885,250,3,50
0.052689,275,3,50
0.066144,300,3,50
0.048873,325,3,50
0.045041,350,3,50
0.046514,375,3,50
0.05032,400,3,50
0.05103,425,3,50
0.06939,450,3,50
0.081863,475,3,50
0.057994,500,3,50
0.066497,525,3,50
0.046927,550,3,50
0.07652,575,3,50
0.066684,600,3,50
0.048001,625,3,50
0.05974,650,3,50
0.043026,675,3,50
0.034337,700,3,50
0.044702,725,3,50
0.037507,750,3,50
0.042491,775,3,50
0.044868,800,3,50
0.054533,825,3,50
0.065782,850,3,50
0.050338,875,3,50
0.04015,950,3,50
0.044871,975,3,50
0.045053,1000,3,50
0.067768,50,3,51
0.065994,75,3,51
0.06526,100,3,51
0.055298,125,3,51
0.084876,150,3,51
0.058826,175,3,51
0.039735,200,3,51
0.057733,225,3,51
0.052169,250,3,51
0.059066,275,3,51
0.054954,300,3,51
0.048541,325,3,51
0.043626,350,3,51
0.044862,375,3,51
0.06222,400,3,51
0.057557,425,3,51
0.066562,450,3,51
0.068835,475,3,51
0.05003,500,3,51
0.048331,525,3,51
0.072624,550,3,51
0.051293,575,3,51
0.056406,600,3,51
0.071114,625,3,51
0.033792,650,3,51
0.0526,675,3,51
0.054284,700,3,51
0.0523,725,3,51
0.04626,750,3,51
0.048488,775,3,51
0.037149,800,3,51
0.04145,825,3,51
0.052431,850,3,51
0.043487,875,3,51
0.049063,950,3,51
0.039466,975,3,51
0.037528,1000,3,51
0.069301,50,3,52
0.075689,75,3,52
0.053513,100,3,52
0.072364,125,3,52
0.071949,150,3,52
0.10965,175,3,52
0.066952,200,3,52
0.065558,225,3,52
0.050841,250,3,52
0.048954,275,3,52
0.072805,300,3,52
0.068613,325,3,52
0.051084,350,3,52
0.07774,375,3,52
0.061059,400,3,52
0.064517,425,3,52
0.084894,450,3,52
0.09727,500,3,52
0.066063,525,3,52
0.051676,550,3,52
0.065609,575,3,52
0.050253,600,3,52
0.057074,625,3,52
0.063725,650,3,52
0.068057,675,3,52
0.05025,700,3,52
0.065242,725,3,52
0.069427,750,3,52
0.048731,775,3,52
0.057475,800,3,52
0.048251,825,3,52
0.066196,850,3,52
0.068912,875,3,52
0.062448,950,3,52
0.038899,975,3,52
0.051815,1000,3,52
0.070003,250,3,53
0.061953,275,3,53
0.045547,300,3,53
0.068235,325,3,53
0.048928,350,3,53
0.041899,375,3,53
0.044844,400,3,53
0.046713,425,3,53
0.046782,450,3,53
0.036618,475,3,53
0.046087,500,3,53
0.067879,525,3,53
0.0631,550,3,53
0.050427,575,3,53
0.052885,600,3,53
0.078832,625,3,53
0.062211,650,3,53
0.075767,675,3,53
0.063562,700,3,53
0.071937,725,3,53
0.072054,750,3,53
0.056278,775,3,53
0.040726,800,3,53
0.051755,825,3,53
0.053328,850,3,53
0.057176,875,3,53
0.060766,950,3,53
0.062504,975,3,53
0.052175,1000,3,53
0.057631,25,3,54
0.050797,50,3,54
0.057183,75,3,54
0.050227,100,3,54
0.03696,125,3,54
0.052856,150,3,54
0.040233,175,3,54
0.056762,200,3,54
0.050403,225,3,54
0.04421,250,3,54
0.036582,275,3,54
0.046463,300,3,54
0.038775,325,3,54
0.03735,350,3,54
0.057121,375,3,54
0.04754,400,3,54
0.046189,425,3,54
0.053221,450,3,54
0.040232,475,3,54
0.045227,500,3,54
0.054922,525,3,54
0.035067,550,3,54
0.047185,575,3,54
0.050302,600,3,54
0.045708,625,3,54
0.053354,650,3,54
0.047221,675,3,54
0.035225,700,3,54
0.024162,725,3,54
0.040423,750,3,54
0.049789,775,3,54
0.065988,800,3,54
0.053685,825,3,54
0.059215,850,3,54
0.056521,875,3,54
0.059026,950,3,54
0.068491,975,3,54
0.085545,1000,3,54
0.057494,25,3,55
0.054465,50,3,55
0.056954,75,3,55
0.052134,100,3,55
0.045909,125,3,55
0.045254,150,3,55
0.051653,175,3,55
0.043187,200,3,55
0.036745,225,3,55
0.037401,250,3,55
0.043112,275,3,55
0.046204,300,3,55
0.034793,325,3,55
0.04283,350,3,55
0.050466,375,3,55
0.038465,400,3,55
0.05934,425,3,55
0.039312,450,3,55
0.04519,475,3,55
0.038755,500,3,55
0.05218,525,3,55
0.038111,550,3,55
0.043077,575,3,55
0.05239,600,3,55
0.043544,625,3,55
0.035687,650,3,55
0.044391,675,3,55
0.041196,700,3,55
0.045635,725,3,55
0.045154,750,3,55
0.035506,775,3,55
0.045283,800,3,55
0.039312,825,3,55
0.043947,850,3,55
0.045908,875,3,55
0.040507,950,3,55
0.040935,975,3,55
0.036998,1000,3,55
0.054247,25,3,56
0.062812,50,3,56
0.050117,75,3,56
0.059881,100,3,56
0.029199,125,3,56
0.033774,150,3,56
0.05081,175,3,56
0.04607,200,3,56
0.035403,225,3,56
0.036437,250,3,56
0.048323,275,3,56
0.045299,300,3,56
0.033499,325,3,56
0.049604,350,3,56
0.045056,375,3,56
0.042268,400,3,56
0.042389,425,3,56
0.039854,450,3,56
0.035454,475,3,56
0.045519,500,3,56
0.070703,525,3,56
0.061146,550,3,56
0.066319,575,3,56
0.050319,600,3,56
0.051703,625,3,56
0.028058,650,3,56
0.040636,675,3,56
0.052286,700,3,56
0.050358,725,3,56
0.073853,750,3,56
0.063307,775,3,56
0.047495,800,3,56
0.05681,825,3,56
0.068835,850,3,56
0.085248,875,3,56
0.049682,950,3,56
0.076681,975,3,56
0.07198,1000,3,56
0.052056,175,3,57
0.058639,250,3,57
0.068476,300,3,57
0.067711,350,3,57
0.072936,375,3,57
0.067547,400,3,57
0.036908,450,3,57
0.077965,475,3,57
0.064379,500,3,57
0.072872,525,3,57
0.050405,550,3,57
0.048922,575,3,57
0.039474,600,3,57
0.079963,625,3,57
0.069823,650,3,57
0.04668,675,3,57
0.061998,700,3,57
0.085292,725,3,57
0.0607,750,3,57
0.045134,775,3,57
0.05474,800,3,57
0.054843,825,3,57
0.068673,850,3,57
0.03927,875,3,57
0.062563,950,3,57
0.059067,975,3,57
0.063941,1000,3,57
0.080976,475,3,58
0.050826,500,3,58
0.050566,600,3,58
0.084455,775,3,58
0.089699,800,3,58
0.0478,975,3,58
0.056986,25,3,59
0.054034,50,3,59
0.061033,75,3,59
0.052974,100,3,59
0.058844,125,3,59
0.047932,150,3,59
0.043957,175,3,59
0.044974,200,3,59
0.052635,225,3,59
0.031636,250,3,59
0.057289,275,3,59
0.053495,300,3,59
0.043974,325,3,59
0.049828,350,3,59
0.042167,375,3,59
0.032212,400,3,59
0.031119,425,3,59
0.034872,450,3,59
0.033114,475,3,59
0.044342,500,3,59
0.039851,525,3,59
0.033162,550,3,59
0.035964,575,3,59
0.037776,600,3,59
0.041104,625,3,59
0.036333,650,3,59
0.045108,675,3,59
0.041311,700,3,59
0.043266,725,3,59
0.038176,750,3,59
0.032395,775,3,59
0.034895,800,3,59
0.042813,825,3,59
0.053845,850,3,59
0.049847,875,3,59
0.036503,950,3,59
0.043772,975,3,59
0.051294,1000,3,59
0.065145,50,3,60
0.081403,75,3,60
0.067584,175,3,60
0.059542,225,3,60
0.075048,250,3,60
0.085538,300,3,60
0.058053,325,3,60
0.076324,350,3,60
0.065022,375,3,60
0.063514,400,3,60
0.052043,425,3,60
0.064085,450,3,60
0.072249,475,3,60
0.043536,500,3,60
0.046786,525,3,60
0.062081,550,3,60
0.063242,575,3,60
0.059402,600,3,60
0.051772,625,3,60
0.047063,650,3,60
0.046409,675,3,60
0.05329,700,3,60
0.067289,725,3,60
0.065983,750,3,60
0.05573,775,3,60
0.074601,800,3,60
0.041777,825,3,60
0.047259,850,3,60
0.053432,875,3,60
0.049963,950,3,60
0.057421,975,3,60
0.054782,1000,3,60
0.052177,25,3,61
0.045169,50,3,61
0.05739,75,3,61
0.060029,100,3,61
0.053584,125,3,61
0.074115,150,3,61
0.048973,175,3,61
0.040587,200,3,61
0.052574,225,3,61
0.053613,250,3,61
0.058111,275,3,61
0.071308,300,3,61
0.036326,325,3,61
0.049887,350,3,61
0.039665,375,3,61
0.048495,400,3,61
0.037498,425,3,61
0.063987,450,3,61
0.08354,475,3,61
0.046017,500,3,61
0.038222,525,3,61
0.052106,550,3,61
0.045658,575,3,61
0.041942,600,3,61
0.04374,625,3,61
0.059661,650,3,61
0.03678,675,3,61
0.055178,700,3,61
0.039206,725,3,61
0.05833,750,3,61
0.047615,775,3,61
0.058629,800,3,61
0.073475,825,3,61
0.05116,850,3,61
0.046111,875,3,61
0.055869,950,3,61
0.065476,975,3,61
0.061847,1000,3,61
0.059103,25,4,62
0.068703,100,4,62
0.046747,125,4,62
0.055382,150,4,62
0.060585,175,4,62
0.06344,200,4,62
0.064744,225,4,62
0.066025,250,4,62
0.058754,275,4,62
0.051978,300,4,62
0.083914,325,4,62
0.043529,350,4,62
0.030669,375,4,62
0.058935,400,4,62
0.057834,425,4,62
0.070328,450,4,62
0.065703,475,4,62
0.044922,500,4,62
0.043938,525,4,62
0.064114,550,4,62
0.051812,575,4,62
0.045083,600,4,62
0.079229,625,4,62
0.047959,650,4,62
0.042311,675,4,62
0.043462,700,4,62
0.039097,725,4,62
0.05067,750,4,62
0.0293,775,4,62
0.055747,800,4,62
0.067974,825,4,62
0.067746,850,4,62
0.038942,875,4,62
0.045093,900,4,62
0.053432,925,4,62
0.046929,950,4,62
0.05058,975,4,62
0.067301,1000,4,62
0.042584,1025,4,62
0.047599,1050,4,62
0.053605,1075,4,62
0.047584,1100,4,62
0.029187,1125,4,62
0.050213,1150,4,62
0.045272,1175,4,62
0.048012,1200,4,62
0.059322,1225,4,62
0.053035,1250,4,62
0.052288,1275,4,62
0.050476,1300,4,62
0.034669,1325,4,62
0.041852,1350,4,62
0.048497,1375,4,62
0.051289,1400,4,62
0.045074,1425,4,62
0.051787,1450,4,62
0.037684,1475,4,62
0.038856,1500,4,62
0.028586,1525,4,62
0.038161,1550,4,62
0.030378,1575,4,62
0.038598,1600,4,62
0.060218,1625,4,62
0.049009,1650,4,62
0.04101,1675,4,62
0.038637,1700,4,62
0.041418,1725,4,62
0.041443,1750,4,62
0.041862,1775,4,62
0.041256,1800,4,62
0.066163,1825,4,62
0.041109,1850,4,62
0.025292,1875,4,62
0.034279,1950,4,62
0.039274,1975,4,62
0.050742,2000,4,62
0.037761,25,4,63
0.063551,50,4,63
0.051946,75,4,63
0.041713,100,4,63
0.051166,125,4,63
0.062704,150,4,63
0.041686,175,4,63
0.05568,200,4,63
0.044017,250,4,63
0.052785,300,4,63
0.046122,325,4,63
0.078902,350,4,63
0.063449,375,4,63
0.05103,400,4,63
0.057585,425,4,63
0.047835,450,4,63
0.043184,475,4,63
0.045826,500,4,63
0.054471,525,4,63
0.04021,550,4,63
0.047287,575,4,63
0.052686,600,4,63
0.038334,625,4,63
0.058449,650,4,63
0.057228,675,4,63
0.037793,700,4,63
0.053274,725,4,63
0.071005,750,4,63
0.067118,775,4,63
0.04201,800,4,63
0.049064,825,4,63
0.054054,850,4,63
0.048948,875,4,63
0.041419,900,4,63
0.0401,925,4,63
0.040759,950,4,63
0.037166,975,4,63
0.045672,1000,4,63
0.074135,1025,4,63
0.043927,1050,4,63
0.044341,1075,4,63
0.052256,1100,4,63
0.06704,1125,4,63
0.043135,1150,4,63
0.057344,1175,4,63
0.065188,1200,4,63
0.069171,1225,4,63
0.036744,1250,4,63
0.047326,1275,4,63
0.041098,1300,4,63
0.043257,1325,4,63
0.049753,1350,4,63
0.041994,1375,4,63
0.062824,1400,4,63
0.050914,1425,4,63
0.055781,1450,4,63
0.041357,1475,4,63
0.058321,1500,4,63
0.059839,1525,4,63
0.066139,1550,4,63
0.056821,1575,4,63
0.054028,1600,4,63
0.072741,1625,4,63
0.051249,1650,4,63
0.049839,1675,4,63
0.044454,1700,4,63
0.055667,1725,4,63
0.069174,1750,4,63
0.053379,1775,4,63
0.052369,1800,4,63
0.048369,1825,4,63
0.04988,1850,4,63
0.070026,1875,4,63
0.060927,1950,4,63
0.089539,1975,4,63
0.051362,2000,4,63
0.056926,25,4,64
0.047375,125,4,64
0.067918,225,4,64
0.058818,250,4,64
0.060265,275,4,64
0.076061,300,4,64
0.046741,325,4,64
0.046718,350,4,64
0.043479,375,4,64
0.048768,400,4,64
0.065406,425,4,64
0.035278,450,4,64
0.04683,475,4,64
0.06019,500,4,64
0.058965,525,4,64
0.0532,550,4,64
0.039626,575,4,64
0.04252,600,4,64
0.060972,625,4,64
0.049415,650,4,64
0.048271,675,4,64
0.053398,700,4,64
0.062276,725,4,64
0.048722,750,4,64
0.046531,775,4,64
0.047813,800,4,64
0.053166,825,4,64
0.050971,850,4,64
0.064793,875,4,64
0.058938,900,4,64
0.046344,925,4,64
0.039306,950,4,64
0.035172,975,4,64
0.037055,1000,4,64
0.067429,1025,4,64
0.049839,1050,4,64
0.04504,1075,4,64
0.048114,1100,4,64
0.04022,1125,4,64
0.040795,1150,4,64
0.031324,1175,4,64
0.050324,1200,4,64
0.073715,1225,4,64
0.05272,1250,4,64
0.044371,1275,4,64
0.043959,1300,4,64
0.066314,1325,4,64
0.051052,1350,4,64
0.037124,1375,4,64
0.046068,1400,4,64
0.0436,1425,4,64
0.048621,1450,4,64
0.041208,1475,4,64
0.05412,1500,4,64
0.048235,1525,4,64
0.051335,1550,4,64
0.046317,1575,4,64
0.036629,1600,4,64
0.064138,1625,4,64
0.047026,1650,4,64
0.056661,1675,4,64
0.043773,1700,4,64
0.067218,1725,4,64
0.048217,1750,4,64
0.05505,1775,4,64
0.048724,1800,4,64
0.034834,1825,4,64
0.040948,1850,4,64
0.037267,1875,4,64
0.039167,1950,4,64
0.046372,1975,4,64
0.045564,2000,4,64
0.041764,75,4,65
0.076142,100,4,65
0.065652,125,4,65
0.069042,175,4,65
0.054699,250,4,65
0.071202,275,4,65
0.066673,325,4,65
0.070809,350,4,65
0.06988,375,4,65
0.070183,400,4,65
0.065851,475,4,65
0.053012,525,4,65
0.068477,550,4,65
0.059899,575,4,65
0.060856,600,4,65
0.055016,625,4,65
0.063549,650,4,65
0.044622,675,4,65
0.049612,700,4,65
0.050908,725,4,65
0.067943,750,4,65
0.052772,775,4,65
0.042641,800,4,65
0.069505,825,4,65
0.072783,875,4,65
0.066713,900,4,65
0.071604,925,4,65
0.068591,950,4,65
0.045219,975,4,65
0.066469,1000,4,65
0.05869,1025,4,65
0.037977,1050,4,65
0.045577,1075,4,65
0.044867,1100,4,65
0.056711,1125,4,65
0.047257,1150,4,65
0.046095,1175,4,65
0.058051,1200,4,65
0.046864,1225,4,65
0.067835,1250,4,65
0.048011,1275,4,65
0.064743,1300,4,65
0.058488,1325,4,65
0.060294,1350,4,65
0.050177,1375,4,65
0.041256,1400,4,65
0.042784,1425,4,65
0.048399,1450,4,65
0.049064,1475,4,65
0.059511,1500,4,65
0.070654,1525,4,65
0.062211,1550,4,65
0.07383,1575,4,65
0.055574,1600,4,65
0.049032,1625,4,65
0.058809,1650,4,65
0.052797,1675,4,65
0.084482,1700,4,65
0.071682,1725,4,65
0.070918,1750,4,65
0.069625,1775,4,65
0.059495,1800,4,65
0.042714,1825,4,65
0.03954,1850,4,65
0.059954,1875,4,65
0.034919,1950,4,65
0.047307,1975,4,65
0.047203,2000,4,65
0.045475,100,4,66
0.061426,125,4,66
0.055315,150,4,66
0.049453,175,4,66
0.0644,200,4,66
0.046459,225,4,66
0.039546,250,4,66
0.063113,275,4,66
0.053551,300,4,66
0.062641,325,4,66
0.067677,350,4,66
0.046655,375,4,66
0.060234,400,4,66
0.040324,425,4,66
0.05658,450,4,66
0.07159,475,4,66
0.059647,500,4,66
0.055814,525,4,66
0.047681,550,4,66
0.070813,575,4,66
0.047449,600,4,66
0.043857,625,4,66
0.073478,650,4,66
0.052872,675,4,66
0.054127,700,4,66
0.059014,725,4,66
0.062738,750,4,66
0.045815,775,4,66
0.05514,800,4,66
0.063653,825,4,66
0.062711,850,4,66
0.064225,875,4,66
0.087888,900,4,66
0.062901,925,4,66
0.070586,950,4,66
0.075906,975,4,66
0.068895,1000,4,66
0.055468,1025,4,66
0.061493,1050,4,66
0.053968,1075,4,66
0.069648,1100,4,66
0.038945,1125,4,66
0.067644,1150,4,66
0.042112,1175,4,66
0.080027,1200,4,66
0.053008,1225,4,66
0.057301,1250,4,66
0.056941,1275,4,66
0.052801,1300,4,66
0.059275,1325,4,66
0.050042,1350,4,66
0.034153,1375,4,66
0.05005,1400,4,66
0.037817,1425,4,66
0.044429,1450,4,66
0.049954,1475,4,66
0.040621,1500,4,66
0.046197,1525,4,66
0.03512,1550,4,66
0.044721,1575,4,66
0.045986,1600,4,66
0.047878,1625,4,66
0.048618,1650,4,66
0.033276,1675,4,66
0.043537,1700,4,66
0.028593,1725,4,66
0.044051,1750,4,66
0.042413,1775,4,66
0.057886,1800,4,66
0.065107,1825,4,66
0.051142,1850,4,66
0.04267,1875,4,66
0.044981,1950,4,66
0.046861,1975,4,66
0.039283,2000,4,66
0.05951,50,4,67
0.060666,100,4,67
0.041466,125,4,67
0.041983,150,4,67
0.036104,175,4,67
0.043272,200,4,67
0.084053,225,4,67
0.058881,250,4,67
0.05752,275,4,67
0.04537,300,4,67
0.038166,325,4,67
0.041968,350,4,67
0.046148,375,4,67
0.041788,400,4,67
0.063773,425,4,67
0.057895,450,4,67
0.054398,475,4,67
0.065676,500,4,67
0.032582,525,4,67
0.040984,550,4,67
0.038848,575,4,67
0.039708,600,4,67
0.046278,625,4,67
0.043938,650,4,67
0.038101,675,4,67
0.038678,700,4,67
0.058692,725,4,67
0.046271,750,4,67
0.046448,775,4,67
0.057426,800,4,67
0.047314,825,4,67
0.043182,850,4,67
0.056656,875,4,67
0.052925,900,4,67
0.054922,925,4,67
0.048514,950,4,67
0.064858,975,4,67
0.037434,1000,4,67
0.047749,1025,4,67
0.042567,1050,4,67
0.037509,1075,4,67
0.045191,1100,4,67
0.040998,1125,4,67
0.036273,1150,4,67
0.03916,1175,4,67
0.039002,1200,4,67
0.043122,1225,4,67
0.0549,1250,4,67
0.055474,1275,4,67
0.051394,1300,4,67
0.045058,1325,4,67
0.067843,1350,4,67
0.06595,1375,4,67
0.046336,1400,4,67
0.03007,1425,4,67
0.05294,1450,4,67
0.03128,1475,4,67
0.048758,1500,4,67
0.038491,1525,4,67
0.040016,1550,4,67
0.030233,1575,4,67
0.043438,1600,4,67
0.051131,1625,4,67
0.037499,1650,4,67
0.04503,1675,4,67
0.044945,1700,4,67
0.034502,1725,4,67
0.04382,1750,4,67
0.040455,1775,4,67
0.040253,1800,4,67
0.039797,1825,4,67
0.044907,1850,4,67
0.050447,1875,4,67
0.041153,1950,4,67
0.037922,1975,4,67
0.050784,2000,4,67
0.069259,75,4,68
0.046132,100,4,68
0.055105,125,4,68
0.06644,150,4,68
0.038463,175,4,68
0.033532,200,4,68
0.042281,225,4,68
0.044621,250,4,68
0.061916,275,4,68
0.053615,300,4,68
0.047042,325,4,68
0.035382,350,4,68
0.03203,375,4,68
0.05529,400,4,68
0.083315,425,4,68
0.057408,450,4,68
0.04649,475,4,68
0.049117,500,4,68
0.054108,525,4,68
0.045143,550,4,68
0.047976,575,4,68
0.037823,600,4,68
0.033382,625,4,68
0.042421,650,4,68
0.044461,675,4,68
0.044961,700,4,68
0.046793,725,4,68
0.04461,750,4,68
0.044643,775,4,68
0.045146,800,4,68
0.048936,825,4,68
0.042526,850,4,68
0.042155,875,4,68
0.047843,900,4,68
0.041755,925,4,68
0.04925,950,4,68
0.054902,975,4,68
0.030409,1000,4,68
0.055341,1025,4,68
0.067478,1050,4,68
0.062863,1075,4,68
0.054089,1100,4,68
0.057726,1125,4,68
0.059759,1150,4,68
0.041604,1175,4,68
0.059201,1200,4,68
0.042721,1225,4,68
0.055505,1250,4,68
0.057969,1275,4,68
0.043783,1300,4,68
0.042826,1325,4,68
0.036085,1350,4,68
0.038244,1375,4,68
0.04577,1400,4,68
0.051748,1425,4,68
0.035158,1450,4,68
0.066867,1475,4,68
0.052005,1500,4,68
0.055553,1525,4,68
0.051614,1550,4,68
0.057351,1575,4,68
0.052396,1600,4,68
0.05291,1625,4,68
0.041523,1650,4,68
0.040148,1675,4,68
0.041919,1700,4,68
0.04136,1725,4,68
0.042838,1750,4,68
0.032956,1775,4,68
0.046815,1800,4,68
0.049721,1825,4,68
0.043282,1850,4,68
0.051856,1875,4,68
0.044573,125,4,69
0.047455,175,4,69
0.053439,200,4,69
0.055012,225,4,69
0.045998,250,4,69
0.025747,275,4,69
0.035203,300,4,69
0.04265,325,4,69
0.038204,350,4,69
0.02551,375,4,69
0.061205,400,4,69
0.02919,425,4,69
0.045192,450,4,69
0.036607,475,4,69
0.045816,500,4,69
0.042142,525,4,69
0.059247,800,4,69
0.037862,900,4,69
0.05795,1200,4,69
0.038009,1275,4,69
0.039597,1425,4,69
0.038419,1450,4,69
0.03178,1475,4,69
0.040108,1500,4,69
0.045258,1525,4,69
0.049581,1550,4,69
0.050337,1575,4,69
0.062475,1625,4,69
0.064482,1650,4,69
0.051386,1675,4,69
0.041182,1700,4,69
0.040735,1725,4,69
0.045628,1750,4,69
0.041941,1775,4,69
0.036789,1800,4,69
0.036696,1825,4,69
0.057288,1850,4,69
0.055669,1875,4,69
0.043619,1950,4,69
0.048355,1975,4,69
0.046158,2000,4,69
0.058147,25,4,70
0.047671,50,4,70
0.055563,75,4,70
0.058276,100,4,70
0.055499,125,4,70
0.047603,225,4,70
0.054672,250,4,70
0.043089,275,4,70
0.042786,300,4,70
0.044959,325,4,70
0.069546,350,4,70
0.04014,375,4,70
0.044649,400,4,70
0.048631,425,4,70
0.033874,450,4,70
0.037847,475,4,70
0.04738,500,4,70
0.05034,525,4,70
0.050189,550,4,70
0.03764,575,4,70
0.05279,600,4,70
0.043436,625,4,70
0.052193,650,4,70
0.051132,675,4,70
0.040486,700,4,70
0.051962,725,4,70
0.037748,750,4,70
0.069026,775,4,70
0.055347,800,4,70
0.046761,825,4,70
0.038398,850,4,70
0.045989,875,4,70
0.048723,900,4,70
0.054043,925,4,70
0.060804,950,4,70
0.052528,975,4,70
0.060447,1000,4,70
0.045119,1025,4,70
0.052296,1050,4,70
0.056758,1075,4,70
0.060442,1100,4,70
0.073842,1125,4,70
0.054306,1150,4,70
0.050173,1175,4,70
0.059438,1200,4,70
0.064691,1225,4,70
0.075407,1250,4,70
0.063665,1275,4,70
0.063324,1300,4,70
0.054189,1325,4,70
0.051781,1350,4,70
0.070709,1375,4,70
0.05454,1400,4,70
0.064569,1425,4,70
0.049214,1450,4,70
0.04637,1475,4,70
0.046715,1500,4,70
0.053091,1525,4,70
0.061967,1550,4,70
0.052056,1575,4,70
0.058044,1600,4,70
0.054454,1625,4,70
0.061747,1650,4,70
0.034582,1675,4,70
0.058934,1700,4,70
0.040791,1725,4,70
0.043964,1750,4,70
0.0453,1775,4,70
0.071675,1800,4,70
0.050494,1825,4,70
0.070724,1850,4,70
0.054779,1875,4,70
0.041225,1950,4,70
0.051653,1975,4,70
0.033283,2000,4,70
0.031515,225,4,71
0.03928,250,4,71
0.034453,275,4,71
0.031912,300,4,71
0.05283,325,4,71
0.046101,350,4,71
0.038633,375,4,71
0.054263,400,4,71
0.053843,425,4,71
0.056521,450,4,71
0.073933,475,4,71
0.041699,500,4,71
0.059638,525,4,71
0.047873,550,4,71
0.05486,575,4,71
0.052148,600,4,71
0.032806,625,4,71
0.044364,650,4,71
0.04374,675,4,71
0.045023,700,4,71
0.038554,725,4,71
0.033166,750,4,71
0.041751,775,4,71
0.044317,800,4,71
0.033439,825,4,71
0.05068,850,4,71
0.031979,875,4,71
0.0508,900,4,71
0.035767,925,4,71
0.05341,950,4,71
0.036887,975,4,71
0.032784,1000,4,71
0.035527,1025,4,71
0.037061,1050,4,71
0.050489,1075,4,71
0.050137,1100,4,71
0.037364,1125,4,71
0.045756,1150,4,71
0.043112,1175,4,71
0.045702,1200,4,71
0.044611,1225,4,71
0.048544,1250,4,71
0.032777,1275,4,71
0.0488,1300,4,71
0.028534,1325,4,71
0.045262,1350,4,71
0.039137,1375,4,71
0.03172,1400,4,71
0.041142,1425,4,71
0.029397,1450,4,71
0.036961,1475,4,71
0.029361,1500,4,71
0.041383,1525,4,71
0.054527,1550,4,71
0.079527,1575,4,71
0.034252,1600,4,71
0.041038,1625,4,71
0.046567,1650,4,71
0.02992,1675,4,71
0.031456,1700,4,71
0.04071,1725,4,71
0.028802,1750,4,71
0.028242,1775,4,71
0.040923,1800,4,71
0.04298,1825,4,71
0.035107,1850,4,71
0.028956,1875,4,71
0.041854,1950,4,71
0.025355,1975,4,71
0.034993,2000,4,71
0.063661,50,4,72
0.076065,100,4,72
0.036615,125,4,72
0.035006,150,4,72
0.047247,175,4,72
0.070595,200,4,72
0.056328,225,4,72
0.068418,250,4,72
0.044048,275,4,72
0.046889,300,4,72
0.054805,325,4,72
0.030827,350,4,72
0.044625,375,4,72
0.043002,400,4,72
0.046948,425,4,72
0.049935,450,4,72
0.049095,475,4,72
0.041181,500,4,72
0.054525,525,4,72
0.048577,550,4,72
0.055171,575,4,72
0.042167,600,4,72
0.049469,625,4,72
0.076739,650,4,72
0.051715,675,4,72
0.06591,700,4,72
0.072316,725,4,72
0.073701,750,4,72
0.053451,775,4,72
0.046112,800,4,72
0.030478,825,4,72
0.042904,850,4,72
0.057982,875,4,72
0.063952,900,4,72
0.052292,925,4,72
0.049013,950,4,72
0.05374,975,4,72
0.05241,1000,4,72
0.040392,1025,4,72
0.064691,1050,4,72
0.080756,1075,4,72
0.051086,1200,4,72
0.074654,1225,4,72
0.031755,1250,4,72
0.060967,1275,4,72
0.054426,1300,4,72
0.06154,1325,4,72
0.056309,1350,4,72
0.049455,1375,4,72
0.049166,1400,4,72
0.037066,1425,4,72
0.043955,1450,4,72
0.051947,1475,4,72
0.041741,1500,4,72
0.044379,1525,4,72
0.065512,1550,4,72
0.075576,1575,4,72
0.058291,1600,4,72
0.058082,1625,4,72
0.046166,1650,4,72
0.052807,1675,4,72
0.058125,1700,4,72
0.035821,1725,4,72
0.055375,1750,4,72
0.059573,1775,4,72
0.062291,1800,4,72
0.040407,1825,4,72
0.060259,1850,4,72
0.044721,1875,4,72
0.072308,1950,4,72
0.052728,1975,4,72
0.063001,2000,4,72
0.061264,25,4,74
0.049406,50,4,74
0.048076,75,4,74
0.04806,100,4,74
0.043002,125,4,74
0.044073,150,4,74
0.06636,175,4,74
0.04761,200,4,74
0.068607,225,4,74
0.049266,250,4,74
0.063765,275,4,74
0.034844,300,4,74
0.067956,325,4,74
0.055996,350,4,74
0.065823,375,4,74
0.056523,400,4,74
0.046059,425,4,74
0.063113,450,4,74
0.040983,475,4,74
0.036353,500,4,74
0.040635,525,4,74
0.044853,550,4,74
0.037255,575,4,74
0.046608,600,4,74
0.042052,625,4,74
0.048465,650,4,74
0.043555,675,4,74
0.038172,700,4,74
0.048815,725,4,74
0.049525,750,4,74
0.043927,775,4,74
0.057652,800,4,74
0.047459,825,4,74
0.044897,850,4,74
0.03763,875,4,74
0.066899,900,4,74
0.038394,925,4,74
0.041698,950,4,74
0.056106,975,4,74
0.050691,1000,4,74
0.038303,1025,4,74
0.053387,1050,4,74
0.04984,1075,4,74
0.030201,1100,4,74
0.068531,1125,4,74
0.05124,1150,4,74
0.052923,1175,4,74
0.032974,1200,4,74
0.054673,1225,4,74
0.045889,1250,4,74
0.041775,1275,4,74
0.042481,1300,4,74
0.042686,1325,4,74
0.034592,1350,4,74
0.045863,1375,4,74
0.043445,1400,4,74
0.040508,1425,4,74
0.043822,1450,4,74
0.040919,1475,4,74
0.044653,1500,4,74
0.040405,1525,4,74
0.045701,1550,4,74
0.049266,1575,4,74
0.050184,1600,4,74
0.052715,1625,4,74
0.039722,1650,4,74
0.035155,1675,4,74
0.039421,1700,4,74
0.04158,1725,4,74
0.052258,1750,4,74
0.042087,1775,4,74
0.045006,1800,4,74
0.055333,1825,4,74
0.052172,1850,4,74
0.035633,1875,4,74
0.038577,1950,4,74
0.040758,1975,4,74
0.045004,2000,4,74
0.06373,25,4,75
0.050117,50,4,75
0.056472,75,4,75
0.064723,100,4,75
0.036627,125,4,75
0.043916,150,4,75
0.041579,175,4,75
0.027206,200,4,75
0.033823,225,4,75
0.043171,250,4,75
0.039474,275,4,75
0.038616,300,4,75
0.035423,325,4,75
0.045386,350,4,75
0.032094,375,4,75
0.03856,400,4,75
0.042803,425,4,75
0.031443,450,4,75
0.023433,475,4,75
0.043143,500,4,75
0.036072,525,4,75
0.016947,550,4,75
0.029312,575,4,75
0.035871,600,4,75
0.045566,625,4,75
0.028728,650,4,75
0.051228,675,4,75
0.025725,700,4,75
0.040553,725,4,75
0.034838,750,4,75
0.047254,775,4,75
0.023161,800,4,75
0.035884,825,4,75
0.027192,850,4,75
0.032433,875,4,75
0.028021,900,4,75
0.032366,925,4,75
0.035622,950,4,75
0.025007,975,4,75
0.034701,1000,4,75
0.034266,1025,4,75
0.028277,1050,4,75
0.037644,1075,4,75
0.023697,1100,4,75
0.032562,1125,4,75
0.031353,1150,4,75
0.033876,1175,4,75
0.022841,1200,4,75
0.034928,1225,4,75
0.037854,1250,4,75
0.027035,1275,4,75
0.028617,1300,4,75
0.03884,1325,4,75
0.022235,1350,4,75
0.02581,1375,4,75
0.032141,1400,4,75
0.037588,1425,4,75
0.03342,1450,4,75
0.027879,1475,4,75
0.024235,1500,4,75
0.037502,1525,4,75
0.032954,1550,4,75
0.034785,1575,4,75
0.033487,1600,4,75
0.027553,1625,4,75
0.033477,1650,4,75
0.026158,1675,4,75
0.031814,1700,4,75
0.028594,1725,4,75
0.029882,1750,4,75
0.03444,1775,4,75
0.027306,1800,4,75
0.02979,1825,4,75
0.025716,1850,4,75
0.031123,1875,4,75
0.032482,1950,4,75
0.022918,1975,4,75
0.030103,2000,4,75
0.053689,25,4,76
0.070948,50,4,76
0.074067,75,4,76
0.064342,100,4,76
0.049598,125,4,76
0.052666,150,4,76
0.047889,175,4,76
0.038439,200,4,76
0.047136,225,4,76
0.057802,250,4,76
0.056554,275,4,76
0.042315,300,4,76
0.037469,325,4,76
0.053915,350,4,76
0.040383,375,4,76
0.036646,400,4,76
0.041543,425,4,76
0.047105,450,4,76
0.052912,475,4,76
0.041253,500,4,76
0.046458,525,4,76
0.04964,550,4,76
0.035077,575,4,76
0.044985,600,4,76
0.053693,625,4,76
0.046091,650,4,76
0.04144,675,4,76
0.039091,700,4,76
0.044561,725,4,76
0.032457,750,4,76
0.039915,775,4,76
0.039742,800,4,76
0.049245,825,4,76
0.041205,850,4,76
0.033635,875,4,76
0.043383,900,4,76
0.034018,925,4,76
0.038824,950,4,76
0.042659,975,4,76
0.036914,1000,4,76
0.042644,1025,4,76
0.042649,1050,4,76
0.038534,1075,4,76
0.020161,1100,4,76
0.041562,1125,4,76
0.029573,1150,4,76
0.035126,1175,4,76
0.025077,1200,4,76
0.049183,1225,4,76
0.032538,1250,4,76
0.036858,1275,4,76
0.036095,1300,4,76
0.039003,1325,4,76
0.035709,1350,4,76
0.039576,1375,4,76
0.027617,1400,4,76
0.03641,1425,4,76
0.038735,1450,4,76
0.040758,1475,4,76
0.038653,1500,4,76
0.035617,1525,4,76
0.036233,1550,4,76
0.043545,1575,4,76
0.038225,1600,4,76
0.03651,1625,4,76
0.034672,1650,4,76
0.045634,1675,4,76
0.027072,1700,4,76
0.039592,1725,4,76
0.034242,1750,4,76
0.039384,1775,4,76
0.032066,1800,4,76
0.054334,1825,4,76
0.03657,1850,4,76
0.041691,1875,4,76
0.039031,1950,4,76
0.041492,1975,4,76
0.03701,2000,4,76
0.071179,25,4,77
0.04542,50,4,77
0.051484,75,4,77
0.039785,100,4,77
0.052483,125,4,77
0.075404,150,4,77
0.050978,175,4,77
0.073805,200,4,77
0.064644,225,4,77
0.045957,250,4,77
0.064991,275,4,77
0.06664,450,4,77
0.042411,475,4,77
0.039558,525,4,77
0.081582,550,4,77
0.065146,575,4,77
0.075458,600,4,77
0.066065,625,4,77
0.05634,650,4,77
0.067895,675,4,77
0.062431,700,4,77
0.049113,725,4,77
0.06147,750,4,77
0.04008,775,4,77
0.053174,800,4,77
0.046511,825,4,77
0.038747,850,4,77
0.043141,875,4,77
0.048081,900,4,77
0.056187,950,4,77
0.044784,975,4,77
0.071203,1000,4,77
0.034531,1025,4,77
0.043603,1050,4,77
0.060089,1075,4,77
0.05338,1100,4,77
0.055976,1125,4,77
0.05981,1150,4,77
0.070222,1175,4,77
0.043484,1225,4,77
0.082609,1250,4,77
0.059508,1275,4,77
0.046003,1300,4,77
0.057157,1325,4,77
0.055809,1350,4,77
0.057048,1375,4,77
0.055976,1400,4,77
0.05144,1425,4,77
0.064705,1450,4,77
0.046596,1475,4,77
0.041292,1500,4,77
0.056261,1525,4,77
0.024616,1550,4,77
0.045945,1575,4,77
0.042592,1650,4,77
0.042325,1675,4,77
0.05506,1700,4,77
0.029941,1725,4,77
0.04888,1775,4,77
0.056327,1800,4,77
0.04828,1825,4,77
0.059589,1850,4,77
0.050542,1875,4,77
0.045241,1950,4,77
0.071534,1975,4,77
0.074228,25,4,78
0.062823,125,4,78
0.061426,150,4,78
0.072057,200,4,78
0.081497,225,4,78
0.059661,250,4,78
0.071114,275,4,78
0.085552,300,4,78
0.059105,325,4,78
0.068035,350,4,78
0.047183,375,4,78
0.068137,400,4,78
0.071298,425,4,78
0.11075,450,4,78
0.066906,475,4,78
0.094479,500,4,78
0.05442,525,4,78
0.055062,550,4,78
0.073198,575,4,78
0.050158,600,4,78
0.078374,625,4,78
0.093339,650,4,78
0.10201,675,4,78
0.074908,700,4,78
0.072577,725,4,78
0.078985,750,4,78
0.078288,775,4,78
0.055722,800,4,78
0.056686,825,4,78
0.050245,850,4,78
0.071439,875,4,78
0.055719,900,4,78
0.045961,925,4,78
0.074304,950,4,78
0.043437,975,4,78
0.05665,1000,4,78
0.06209,1025,4,78
0.06562,1050,4,78
0.063905,1075,4,78
0.051716,1100,4,78
0.057065,1125,4,78
0.042146,1150,4,78
0.037745,1175,4,78
0.043114,1200,4,78
0.056415,1225,4,78
0.059668,1250,4,78
0.055014,1275,4,78
0.053149,1300,4,78
0.064549,1325,4,78
0.040923,1350,4,78
0.067467,1375,4,78
0.049603,1400,4,78
0.053271,1425,4,78
0.047169,1450,4,78
0.047795,1475,4,78
0.041641,1500,4,78
0.053518,1525,4,78
0.049629,1550,4,78
0.043872,1575,4,78
0.052642,1600,4,78
0.053979,1625,4,78
0.064145,1650,4,78
0.052215,1675,4,78
0.046904,1700,4,78
0.048302,1725,4,78
0.046765,1750,4,78
0.047851,1775,4,78
0.038993,1800,4,78
0.04748,1825,4,78
0.055625,1850,4,78
0.081794,1875,4,78
0.052535,1950,4,78
0.04994,1975,4,78
0.050131,2000,4,78
0.066111,25,4,79
0.059865,50,4,79
0.046682,75,4,79
0.05682,100,4,79
0.055799,125,4,79
0.041737,150,4,79
0.072868,175,4,79
0.058493,200,4,79
0.045981,225,4,79
0.08143,275,4,79
0.068553,300,4,79
0.077024,325,4,79
0.049737,425,4,79
0.038169,450,4,79
0.052275,475,4,79
0.038285,500,4,79
0.042044,525,4,79
0.05868,550,4,79
0.050747,575,4,79
0.057177,600,4,79
0.043126,625,4,79
0.060084,650,4,79
0.051119,675,4,79
0.042477,700,4,79
0.0601,725,4,79
0.070834,750,4,79
0.056403,775,4,79
0.081762,800,4,79
0.048893,825,4,79
0.059442,850,4,79
0.052611,875,4,79
0.054614,900,4,79
0.043465,925,4,79
0.041053,950,4,79
0.036649,975,4,79
0.064639,1000,4,79
0.052018,1025,4,79
0.042611,1050,4,79
0.049692,1075,4,79
0.060289,1100,4,79
0.072148,1125,4,79
0.046322,1150,4,79
0.059117,1175,4,79
0.05993,1200,4,79
0.068871,1425,4,79
0.042214,1450,4,79
0.039767,1475,4,79
0.038019,1500,4,79
0.05733,1525,4,79
0.053971,1550,4,79
0.037743,1575,4,79
0.048853,1600,4,79
0.047317,1625,4,79
0.060004,1650,4,79
0.044801,1675,4,79
0.056169,1700,4,79
0.041888,1725,4,79
0.040665,1750,4,79
0.049117,1775,4,79
0.039687,1800,4,79
0.038008,1825,4,79
0.056379,1850,4,79
0.0464,1875,4,79
0.05163,1950,4,79
0.036279,1975,4,79
0.037338,2000,4,79
0.053192,50,4,80
0.047198,75,4,80
0.11273,100,4,80
0.052553,125,4,80
0.044169,150,4,80
0.062369,175,4,80
0.084364,200,4,80
0.046846,425,4,80
0.046973,450,4,80
0.048801,475,4,80
0.075095,500,4,80
0.066647,525,4,80
0.063057,550,4,80
0.063582,575,4,80
0.049083,600,4,80
0.063361,625,4,80
0.078327,650,4,80
0.03435,675,4,80
0.069019,700,4,80
0.050947,725,4,80
0.074572,750,4,80
0.084957,775,4,80
0.026808,800,4,80
0.076625,825,4,80
0.049347,850,4,80
0.081052,875,4,80
0.05788,900,4,80
0.046289,925,4,80
0.060813,950,4,80
0.05273,975,4,80
0.078912,1000,4,80
0.066575,1025,4,80
0.060746,1050,4,80
0.075482,1075,4,80
0.045579,1100,4,80
0.056821,1125,4,80
0.041431,1150,4,80
0.062531,1175,4,80
0.069807,1200,4,80
0.073052,1225,4,80
0.056475,1250,4,80
0.059037,1275,4,80
0.070033,1300,4,80
0.060965,1325,4,80
0.070439,1350,4,80
0.04058,1375,4,80
0.063804,1400,4,80
0.051809,1425,4,80
0.044461,1450,4,80
0.056449,1475,4,80
0.078764,1500,4,80
0.083667,1525,4,80
0.059845,1550,4,80
0.066234,1575,4,80
0.058259,1600,4,80
0.045222,1625,4,80
0.071702,1650,4,80
0.077948,1675,4,80
0.07445,1700,4,80
0.07477,1725,4,80
0.090114,1750,4,80
0.067046,1775,4,80
0.076411,1800,4,80
0.078193,1825,4,80
0.084304,1850,4,80
0.079182,1875,4,80
0.049463,1950,4,80
0.056599,1975,4,80
0.05974,2000,4,80
0.039274,50,4,81
0.04741,75,4,81
0.040184,100,4,81
0.042706,125,4,81
0.042807,150,4,81
0.045648,175,4,81
0.055649,200,4,81
0.049046,225,4,81
0.044833,250,4,81
0.055519,275,4,81
0.038728,300,4,81
0.047435,325,4,81
0.043208,350,4,81
0.053156,375,4,81
0.06193,400,4,81
0.043099,425,4,81
0.046625,450,4,81
0.040167,475,4,81
0.050862,500,4,81
0.040544,525,4,81
0.044916,550,4,81
0.038279,575,4,81
0.041118,600,4,81
0.061933,625,4,81
0.050662,650,4,81
0.045527,675,4,81
0.054616,700,4,81
0.053226,725,4,81
0.060218,750,4,81
0.051898,775,4,81
0.039607,800,4,81
0.053897,825,4,81
0.039593,850,4,81
0.050293,875,4,81
0.048273,900,4,81
0.034794,925,4,81
0.034456,950,4,81
0.046896,975,4,81
0.042875,1000,4,81
0.041995,1025,4,81
0.030324,1050,4,81
0.035461,1075,4,81
0.0372,1100,4,81
0.045682,1125,4,81
0.036191,1150,4,81
0.031043,1175,4,81
0.040461,1200,4,81
0.035697,1225,4,81
0.034718,1250,4,81
0.030777,1275,4,81
0.050222,1300,4,81
0.03394,1325,4,81
0.032867,1350,4,81
0.038764,1375,4,81
0.026122,1400,4,81
0.029543,1425,4,81
0.042355,1450,4,81
0.036959,1475,4,81
0.029134,1500,4,81
0.040138,1525,4,81
0.033987,1550,4,81
0.03299,1575,4,81
0.038055,1600,4,81
0.035276,1625,4,81
0.039573,1650,4,81
0.029159,1675,4,81
0.026456,1700,4,81
0.037757,1725,4,81
0.028167,1750,4,81
0.023785,1775,4,81
0.030006,1800,4,81
0.03485,1825,4,81
0.024571,1850,4,81
0.02851,1875,4,81
0.036659,1950,4,81
0.025678,1975,4,81
0.027334,2000,4,81
