-0.022513,1,1,2
0.0019747,1,1,3
0.010008,1,1,5
0.026971,1,1,6
0.0064946,1,1,7
-0.018866,1,1,10
-0.015042,1,1,11
0.017562,1,1,13
-0.0094398,1,1,14
-0.01151,1,1,17
-0.0049808,1,1,21
0.0020512,2,1,22
-0.0021551,2,1,23
-0.017349,2,1,24
-0.00222,2,1,25
-0.013108,2,1,28
0.0057679,2,1,30
0.020757,2,1,31
-0.019667,2,1,32
0.012779,2,1,34
0.014874,2,1,35
0.0082838,2,1,36
0.0074987,2,1,38
0.0047592,2,1,39
0.0051509,2,1,41
-0.0050766,3,1,42
-0.017438,3,1,43
0.024189,3,1,44
0.0005969,3,1,45
0.0088812,3,1,46
0.0051179,3,1,47
0.010643,3,1,48
0.014893,3,1,49
0.0067976,3,1,50
0.0072281,3,1,51
-0.0064274,3,1,52
-0.0047944,3,1,53
0.0040538,3,1,54
-7.7897e-05,3,1,55
-0.028741,3,1,56
0.031216,3,1,57
-0.0023757,3,1,59
-0.0035465,3,1,60
-0.0065651,3,1,61
0.0028464,4,1,62
-0.0082374,4,1,63
0.011426,4,1,64
0.006185,4,1,65
0.001322,4,1,66
-0.0052112,4,1,67
0.0050411,4,1,68
0.0053659,4,1,69
-0.019938,4,1,70
0.011917,4,1,71
0.0041359,4,1,72
0.0081818,4,1,74
-0.00099493,4,1,75
0.0013492,4,1,76
-0.011713,4,1,77
-0.017481,4,1,78
-0.0034889,4,1,79
-0.004697,4,1,80
0.013669,4,1,81
