1.5421,25,1,1
1.3011,50,1,1
1.2684,75,1,1
1.3284,100,1,1
1.5777,125,1,1
1.4872,150,1,1
1.2334,175,1,1
1.0662,200,1,1
1.8339,25,1,2
1.6476,50,1,2
1.8396,75,1,2
1.4132,100,1,2
1.3343,125,1,2
1.0494,150,1,2
1.6403,175,1,2
1.5325,200,1,2
1.2879,25,1,3
1.1537,50,1,3
1.2535,75,1,3
1.8093,100,1,3
1.9016,125,1,3
1.4086,150,1,3
1.6905,175,1,3
1.7336,200,1,3
1.4581,25,1,4
1.7373,50,1,4
1.4515,75,1,4
1.529,100,1,4
1.3087,125,1,4
1.1445,150,1,4
1.2724,175,1,4
1.2479,200,1,4
1.3084,25,1,5
1.3906,50,1,5
0.97894,75,1,5
2.0946,100,1,5
1.6684,125,1,5
1.3862,150,1,5
1.7074,175,1,5
1.3205,200,1,5
3.0453,25,1,6
1.1176,50,1,6
1.766,75,1,6
1.7052,100,1,6
1.4271,125,1,6
1.611,150,1,6
1.5139,175,1,6
1.51,200,1,6
2.6885,25,1,7
1.7866,50,1,7
1.742,75,1,7
1.6153,100,1,7
1.7184,125,1,7
2.5707,150,1,7
2.6714,175,1,7
1.9825,200,1,7
2.0581,25,1,8
1.7905,50,1,8
1.7226,75,1,8
1.5227,100,1,8
1.7264,125,1,8
1.5415,150,1,8
1.6894,175,1,8
1.4525,200,1,8
2.2832,25,1,9
1.8428,75,1,9
0.91766,100,1,9
1.713,125,1,9
1.2007,150,1,9
1.8944,25,1,10
1.2105,50,1,10
2.0348,75,1,10
0.97578,100,1,10
1.1121,125,1,10
1.5379,150,1,10
1.0714,175,1,10
1.1508,200,1,10
1.8218,25,1,11
1.2797,50,1,11
1.3431,75,1,11
1.2297,100,1,11
0.95599,125,1,11
0.95674,150,1,11
1.284,175,1,11
1.2515,200,1,11
1.4732,25,1,12
1.632,50,1,12
1.3726,75,1,12
1.5818,100,1,12
1.5789,125,1,12
1.3338,150,1,12
1.0519,175,1,12
1.2281,200,1,12
1.9564,25,1,13
0.97646,50,1,13
1.1773,75,1,13
1.2092,100,1,13
1.1608,125,1,13
1.1923,150,1,13
1.3061,175,1,13
1.1833,200,1,13
1.1108,25,1,14
1.3099,50,1,14
1.1984,75,1,14
1.5622,100,1,14
1.2557,125,1,14
1.0251,150,1,14
1.1636,175,1,14
1.1509,200,1,14
1.2443,25,1,15
1.945,50,1,15
1.3358,75,1,15
1.4184,100,1,15
1.5184,125,1,15
1.5728,150,1,15
1.1068,175,1,15
1.8941,200,1,15
1.4782,25,1,16
1.789,50,1,16
1.6907,75,1,16
2.2867,100,1,16
1.1425,125,1,16
1.8192,150,1,16
1.7724,175,1,16
1.8365,200,1,16
1.2455,25,1,17
1.8065,50,1,17
1.3705,75,1,17
1.5245,100,1,17
1.0954,125,1,17
1.5302,150,1,17
1.7205,175,1,17
1.6733,200,1,17
1.9513,25,1,18
3.0561,50,1,18
1.9131,75,1,18
1.2849,100,1,18
1.79,125,1,18
2.1113,150,1,18
1.6293,175,1,18
1.461,200,1,18
1.7887,25,1,19
1.8216,50,1,19
2.0918,75,1,19
1.5624,100,1,19
2.2201,125,1,19
1.5976,150,1,19
1.7283,175,1,19
2.1256,200,1,19
2.368,25,1,20
1.167,50,1,20
2.3241,75,1,20
1.4651,100,1,20
2.7443,125,1,20
1.8567,150,1,20
1.7062,200,1,20
1.2479,25,1,21
2.0792,50,1,21
2.4636,75,1,21
1.8081,100,1,21
1.9354,125,1,21
2.1246,150,1,21
2.062,175,1,21
1.7368,200,1,21
1.7681,25,2,1
1.2919,50,2,1
1.3395,75,2,1
1.271,100,2,1
1.6751,125,2,1
1.6237,150,2,1
1.2807,175,2,1
0.97016,200,2,1
1.1485,225,2,1
1.1999,250,2,1
1.1449,275,2,1
1.1045,300,2,1
1.0366,325,2,1
0.92379,350,2,1
0.79505,375,2,1
0.89575,400,2,1
1.3663,425,2,1
1.0734,450,2,1
1.2843,475,2,1
1.056,500,2,1
0.95321,525,2,1
1.028,550,2,1
0.86981,575,2,1
0.86501,600,2,1
0.93463,625,2,1
1.0867,650,2,1
0.9368,675,2,1
0.81304,700,2,1
0.85221,725,2,1
1.1665,750,2,1
0.97392,775,2,1
0.83937,800,2,1
0.98099,825,2,1
0.6867,850,2,1
1.0377,875,2,1
0.87959,900,2,1
1.1144,925,2,1
1.0231,950,2,1
0.99777,975,2,1
0.74325,1000,2,1
1.1307,25,2,2
1.3148,50,2,2
1.3939,75,2,2
1.6164,100,2,2
1.5585,125,2,2
1.1114,150,2,2
1.223,175,2,2
1.3369,200,2,2
1.7026,225,2,2
1.8262,250,2,2
1.5499,275,2,2
1.8883,300,2,2
1.4012,325,2,2
1.0476,350,2,2
0.92827,375,2,2
0.93701,400,2,2
1.5695,425,2,2
1.3736,450,2,2
1.451,475,2,2
1.3931,500,2,2
1.1478,525,2,2
1.4545,550,2,2
1.2253,575,2,2
1.2479,600,2,2
1.4114,625,2,2
1.3192,650,2,2
1.1974,675,2,2
1.3785,700,2,2
1.4995,725,2,2
1.3281,750,2,2
1.2106,775,2,2
1.0663,800,2,2
1.2507,825,2,2
1.1062,850,2,2
1.0075,875,2,2
1.0583,900,2,2
1.2921,925,2,2
1.0694,950,2,2
1.1408,975,2,2
1.074,1000,2,2
1.9356,25,2,3
1.6197,50,2,3
1.3408,75,2,3
2.0601,100,2,3
1.3138,125,2,3
1.9596,150,2,3
1.3605,175,2,3
1.1989,200,2,3
1.9137,225,2,3
0.9563,250,2,3
1.7778,275,2,3
1.4014,300,2,3
1.471,325,2,3
2.0577,350,2,3
1.6818,375,2,3
1.7006,400,2,3
1.9307,425,2,3
1.7243,450,2,3
1.1905,475,2,3
0.99109,500,2,3
1.2368,525,2,3
1.776,550,2,3
1.86,575,2,3
1.5325,600,2,3
1.6392,625,2,3
1.5057,650,2,3
1.4179,675,2,3
1.5277,700,2,3
1.5462,725,2,3
1.4385,750,2,3
1.463,775,2,3
2.2177,800,2,3
1.8576,825,2,3
2.1328,850,2,3
1.4759,875,2,3
1.1772,900,2,3
1.3897,925,2,3
1.3573,950,2,3
1.6498,975,2,3
1.5203,1000,2,3
1.1935,25,2,4
1.1805,50,2,4
0.9809,75,2,4
1.0737,100,2,4
1.2935,125,2,4
1.2537,150,2,4
0.86003,175,2,4
1.0063,225,2,4
1.2175,250,2,4
0.98055,275,2,4
0.91484,300,2,4
1.1701,325,2,4
0.78489,350,2,4
0.73302,375,2,4
1.066,400,2,4
1.1851,425,2,4
0.81083,450,2,4
0.7227,475,2,4
0.97677,500,2,4
0.79942,525,2,4
0.92288,550,2,4
1.0818,575,2,4
0.95739,600,2,4
1.4596,625,2,4
0.92945,650,2,4
0.78625,675,2,4
0.91678,700,2,4
0.86869,725,2,4
0.82094,750,2,4
0.85796,775,2,4
0.98362,800,2,4
0.93379,825,2,4
0.70384,850,2,4
0.84502,875,2,4
0.68779,900,2,4
0.77712,925,2,4
0.61514,950,2,4
0.71736,975,2,4
0.56876,1000,2,4
3.0266,25,2,5
1.1437,50,2,5
1.7053,75,2,5
1.4214,100,2,5
1.4448,125,2,5
1.3617,150,2,5
1.0818,175,2,5
1.161,200,2,5
1.16,225,2,5
1.0961,250,2,5
1.2615,275,2,5
1.066,300,2,5
0.91905,325,2,5
1.0234,350,2,5
1.1677,375,2,5
1.3536,425,2,5
0.95695,450,2,5
1.0247,475,2,5
1.1996,500,2,5
1.0981,525,2,5
1.1745,550,2,5
1.0846,575,2,5
1.3187,600,2,5
1.4026,625,2,5
1.1162,650,2,5
1.1059,675,2,5
1.0464,700,2,5
1.0284,725,2,5
1.0248,750,2,5
0.96709,775,2,5
1.0505,800,2,5
1.1665,825,2,5
1.3059,850,2,5
1.1697,875,2,5
1.1581,900,2,5
1.1193,925,2,5
1.1556,950,2,5
0.98173,975,2,5
1.0487,1000,2,5
1.6784,25,2,6
1.8523,50,2,6
1.5991,75,2,6
1.9104,100,2,6
1.6807,125,2,6
1.3144,150,2,6
1.8897,175,2,6
2.5598,225,2,6
2.3787,250,2,6
2.3132,300,2,6
2.1841,525,2,6
2.1391,575,2,6
0.90396,600,2,6
1.7386,800,2,6
2.8866,825,2,6
2.4472,850,2,6
2.2514,875,2,6
1.5622,900,2,6
1.9485,950,2,6
2.1095,1000,2,6
1.8636,25,2,7
2.1336,50,2,7
1.5313,75,2,7
1.3487,100,2,7
1.4873,125,2,7
1.0776,150,2,7
1.2195,175,2,7
1.2473,200,2,7
1.4442,225,2,7
1.4062,250,2,7
1.3958,275,2,7
1.4372,300,2,7
1.5482,325,2,7
1.8668,350,2,7
0.97938,375,2,7
1.1496,400,2,7
1.2304,425,2,7
1.0674,450,2,7
0.98561,475,2,7
1.2864,500,2,7
1.4922,525,2,7
1.5816,550,2,7
1.2387,575,2,7
1.0236,600,2,7
1.2176,625,2,7
1.0672,650,2,7
1.0238,675,2,7
1.0436,700,2,7
1.2478,725,2,7
0.95343,750,2,7
1.0314,775,2,7
1.0725,800,2,7
1.0876,825,2,7
1.1109,850,2,7
1.1675,875,2,7
0.82285,900,2,7
0.99277,925,2,7
0.89572,950,2,7
0.92318,975,2,7
0.74535,1000,2,7
1.4118,25,2,8
1.4531,50,2,8
1.7106,75,2,8
1.4171,100,2,8
1.6898,125,2,8
1.7159,150,2,8
1.2925,175,2,8
1.3204,200,2,8
1.9802,225,2,8
1.7081,250,2,8
1.1109,275,2,8
1.2517,300,2,8
1.26,325,2,8
1.399,350,2,8
1.0184,375,2,8
1.1546,400,2,8
1.4031,425,2,8
1.0076,450,2,8
1.2001,475,2,8
1.5471,500,2,8
1.4843,525,2,8
1.568,550,2,8
1.4916,575,2,8
1.497,600,2,8
1.4836,625,2,8
1.236,650,2,8
1.3303,675,2,8
1.6089,700,2,8
1.2074,725,2,8
1.3078,750,2,8
0.98218,775,2,8
1.2032,800,2,8
1.3101,825,2,8
1.1042,850,2,8
0.99648,875,2,8
1.0869,900,2,8
0.96157,925,2,8
0.99231,950,2,8
0.9053,975,2,8
0.89454,1000,2,8
1.4561,25,2,9
1.4141,50,2,9
1.0762,75,2,9
1.0515,100,2,9
1.2203,125,2,9
1.4483,150,2,9
1.7484,175,2,9
1.4269,200,2,9
1.6369,225,2,9
1.2168,250,2,9
1.2615,275,2,9
0.96862,300,2,9
1.316,325,2,9
1.4371,350,2,9
1.5374,375,2,9
1.1166,400,2,9
1.2714,425,2,9
0.95522,450,2,9
1.1021,475,2,9
1.1538,500,2,9
1.5394,525,2,9
1.4302,550,2,9
1.2722,575,2,9
1.6821,600,2,9
1.2827,625,2,9
1.0776,650,2,9
0.89743,675,2,9
0.98287,700,2,9
0.84735,725,2,9
1.0132,750,2,9
0.77128,775,2,9
0.95263,800,2,9
1.0701,825,2,9
0.75641,850,2,9
0.79006,875,2,9
1.0347,900,2,9
0.89032,925,2,9
0.91281,950,2,9
0.7771,975,2,9
0.96291,1000,2,9
1.368,25,2,10
1.5181,50,2,10
1.2891,75,2,10
1.0648,100,2,10
1.0055,125,2,10
1.1626,150,2,10
1.2436,175,2,10
1.3121,200,2,10
1.2324,225,2,10
1.5619,250,2,10
1.3984,275,2,10
1.2496,300,2,10
1.2071,325,2,10
1.3919,350,2,10
1.6252,375,2,10
1.1775,400,2,10
1.7005,425,2,10
1.6079,450,2,10
1.5486,475,2,10
1.4627,500,2,10
1.5516,525,2,10
1.3472,550,2,10
1.9967,575,2,10
1.3581,600,2,10
1.5075,625,2,10
1.4272,650,2,10
1.1909,675,2,10
1.8188,700,2,10
1.2134,725,2,10
1.1597,750,2,10
1.259,775,2,10
1.7181,800,2,10
1.5492,825,2,10
1.5192,850,2,10
1.5082,875,2,10
1.4076,900,2,10
1.4934,925,2,10
1.3112,950,2,10
1.827,975,2,10
1.4215,1000,2,10
1.6814,25,2,11
1.5224,50,2,11
1.4697,75,2,11
1.6271,100,2,11
2.0833,125,2,11
1.6925,150,2,11
1.2606,175,2,11
1.5616,200,2,11
1.363,225,2,11
1.3231,250,2,11
1.4059,275,2,11
1.7807,300,2,11
0.81749,325,2,11
1.0865,350,2,11
0.93431,375,2,11
1.2025,400,2,11
1.2926,425,2,11
1.4301,450,2,11
1.6725,475,2,11
1.1876,500,2,11
1.5924,525,2,11
1.2009,550,2,11
1.2598,575,2,11
1.5502,600,2,11
1.3988,625,2,11
1.6027,650,2,11
1.3936,675,2,11
1.2802,700,2,11
1.1647,725,2,11
1.56,750,2,11
1.3553,775,2,11
1.3197,800,2,11
1.2389,825,2,11
1.0553,850,2,11
1.1816,875,2,11
1.1617,900,2,11
0.86269,925,2,11
0.94879,950,2,11
1.0023,975,2,11
0.95055,1000,2,11
1.5514,25,2,12
1.9342,50,2,12
1.3207,75,2,12
2.165,100,2,12
1.9528,125,2,12
1.7466,150,2,12
1.5869,175,2,12
1.4124,200,2,12
2.0205,225,2,12
1.3313,250,2,12
2.3539,275,2,12
1.8153,300,2,12
0.77258,325,2,12
2.0712,350,2,12
1.6548,375,2,12
1.167,400,2,12
2.2536,425,2,12
1.7007,450,2,12
2.0359,475,2,12
1.082,500,2,12
1.9972,525,2,12
2.1314,550,2,12
1.8432,575,2,12
1.385,625,2,12
1.597,650,2,12
2.4332,675,2,12
1.511,700,2,12
1.4484,725,2,12
1.7618,750,2,12
1.4409,775,2,12
1.8415,825,2,12
1.8381,850,2,12
1.1328,875,2,12
1.3146,900,2,12
1.4651,25,2,13
0.96881,50,2,13
1.718,75,2,13
1.1608,100,2,13
1.3839,125,2,13
1.1975,150,2,13
1.091,175,2,13
1.3082,200,2,13
1.2428,225,2,13
1.538,250,2,13
1.5084,275,2,13
1.3883,300,2,13
1.3729,325,2,13
1.427,350,2,13
1.6105,375,2,13
1.4663,400,2,13
1.4611,425,2,13
1.0711,450,2,13
1.8269,475,2,13
2.0898,500,2,13
1.8614,525,2,13
2.5173,550,2,13
1.8018,575,2,13
1.2901,600,2,13
1.2561,625,2,13
0.9651,650,2,13
1.3582,675,2,13
1.2916,700,2,13
1.2957,725,2,13
1.1198,750,2,13
1.3511,775,2,13
0.98506,800,2,13
1.0868,825,2,13
1.3887,850,2,13
1.2747,875,2,13
1.3772,900,2,13
1.2273,925,2,13
1.094,950,2,13
0.99823,975,2,13
0.85224,1000,2,13
2.4498,25,2,14
2.2555,50,2,14
1.5016,75,2,14
1.8361,100,2,14
1.7188,125,2,14
2.0552,150,2,14
1.7984,175,2,14
1.6237,200,2,14
1.8584,225,2,14
1.783,250,2,14
1.8768,275,2,14
1.8207,300,2,14
1.8489,325,2,14
1.6212,350,2,14
1.8679,375,2,14
1.6022,400,2,14
2.3592,425,2,14
2.4359,450,2,14
1.8319,475,2,14
1.2965,500,2,14
1.3103,525,2,14
2.0611,550,2,14
2.1193,575,2,14
1.9566,600,2,14
1.5463,625,2,14
1.3927,650,2,14
1.4736,675,2,14
1.2382,700,2,14
1.5846,725,2,14
1.5396,750,2,14
1.6192,775,2,14
1.36,800,2,14
2.27,825,2,14
2.0751,850,2,14
2.176,875,2,14
1.4465,925,2,14
1.267,950,2,14
1.48,975,2,14
2.0338,1000,2,14
2.2464,50,2,15
0.72812,75,2,15
2.0911,100,2,15
1.5244,125,2,15
1.1341,200,2,15
1.1146,225,2,15
1.4407,250,2,15
1.5759,275,2,15
1.104,300,2,15
1.8899,325,2,15
1.2521,350,2,15
1.2103,375,2,15
1.2669,400,2,15
1.1984,425,2,15
1.306,450,2,15
1.2119,475,2,15
1.5511,500,2,15
1.3383,525,2,15
1.418,550,2,15
1.8248,575,2,15
1.4079,600,2,15
1.3242,625,2,15
1.3485,650,2,15
1.2178,675,2,15
1.332,700,2,15
1.3975,725,2,15
1.5525,750,2,15
1.296,775,2,15
1.5123,800,2,15
1.3465,825,2,15
1.307,850,2,15
1.5944,875,2,15
0.94312,900,2,15
1.3349,925,2,15
1.4297,950,2,15
2.1623,975,2,15
2.455,1000,2,15
1.421,25,2,16
1.7685,50,2,16
2.1792,75,2,16
1.1036,100,2,16
1.8283,125,2,16
1.0747,150,2,16
1.071,175,2,16
1.2049,200,2,16
1.2769,225,2,16
0.91447,250,2,16
1.0114,275,2,16
1.0708,300,2,16
1.1682,325,2,16
1.4413,350,2,16
1.0846,375,2,16
1.2053,400,2,16
1.4565,425,2,16
1.0062,450,2,16
1.1325,475,2,16
1.2942,500,2,16
1.3146,525,2,16
1.1288,550,2,16
1.4176,575,2,16
1.0541,600,2,16
1.3145,625,2,16
1.0077,650,2,16
1.1923,675,2,16
1.3119,700,2,16
1.1788,725,2,16
1.2648,750,2,16
1.2956,775,2,16
1.2057,800,2,16
1.2608,825,2,16
1.3626,850,2,16
1.2355,875,2,16
1.2225,900,2,16
1.2429,925,2,16
1.3048,950,2,16
1.1575,975,2,16
1.4919,1000,2,16
1.763,25,2,17
1.5442,50,2,17
1.3986,75,2,17
1.3969,100,2,17
2.1073,125,2,17
1.3872,150,2,17
1.1966,175,2,17
1.3881,200,2,17
1.1627,225,2,17
1.1377,250,2,17
1.5642,275,2,17
1.3496,300,2,17
1.1273,325,2,17
1.2235,350,2,17
0.99896,375,2,17
1.2879,400,2,17
1.5828,425,2,17
1.2498,450,2,17
1.2013,475,2,17
1.4901,500,2,17
0.9312,525,2,17
1.5107,550,2,17
1.8149,575,2,17
1.0774,600,2,17
1.5214,625,2,17
1.41,650,2,17
1.134,675,2,17
1.1573,700,2,17
1.0413,725,2,17
1.3719,750,2,17
1.1677,775,2,17
1.1758,800,2,17
1.9305,825,2,17
1.2382,850,2,17
1.4897,875,2,17
1.2503,900,2,17
1.6895,925,2,17
0.9713,950,2,17
1.2387,975,2,17
1.1999,1000,2,17
2.2022,25,2,18
1.6197,50,2,18
1.7584,75,2,18
1.8099,100,2,18
1.6825,125,2,18
1.7071,150,2,18
1.9115,175,2,18
1.1634,200,2,18
1.4599,225,2,18
1.3073,250,2,18
1.2472,275,2,18
0.98625,300,2,18
0.83817,325,2,18
0.99291,350,2,18
0.84706,375,2,18
1.2355,400,2,18
1.1621,425,2,18
1.5819,450,2,18
1.3901,475,2,18
1.1861,500,2,18
1.2394,525,2,18
1.021,550,2,18
1.2469,575,2,18
0.98755,600,2,18
1.313,625,2,18
1.1687,650,2,18
0.92915,675,2,18
1.0585,700,2,18
1.2433,725,2,18
0.9578,750,2,18
1.0222,775,2,18
1.2994,800,2,18
0.99001,825,2,18
1.2683,850,2,18
1.126,875,2,18
0.99775,900,2,18
1.1215,925,2,18
0.87158,950,2,18
1.0625,975,2,18
1.0504,1000,2,18
1.356,25,2,19
1.5911,50,2,19
1.4188,75,2,19
1.6376,100,2,19
1.47,125,2,19
1.1313,150,2,19
1.1585,175,2,19
1.4724,200,2,19
1.2252,225,2,19
1.4828,250,2,19
1.4821,275,2,19
1.2968,300,2,19
1.5349,325,2,19
1.3781,350,2,19
1.3357,375,2,19
1.1998,400,2,19
1.2075,425,2,19
1.3636,450,2,19
1.0787,475,2,19
1.3747,500,2,19
1.3228,525,2,19
1.4375,550,2,19
1.7808,575,2,19
1.2499,600,2,19
0.90431,625,2,19
1.0245,650,2,19
1.1773,675,2,19
1.2637,700,2,19
1.1919,725,2,19
1.2231,750,2,19
1.2835,775,2,19
1.1943,800,2,19
0.9744,825,2,19
0.80145,850,2,19
0.77535,875,2,19
0.97965,900,2,19
0.88542,925,2,19
0.89531,950,2,19
0.9846,975,2,19
0.93505,1000,2,19
1.1706,25,2,20
1.2431,50,2,20
1.1994,75,2,20
1.2879,100,2,20
1.4214,125,2,20
1.2214,150,2,20
1.2037,175,2,20
1.4637,200,2,20
1.7347,225,2,20
1.4042,250,2,20
1.2327,275,2,20
1.2281,300,2,20
1.5711,325,2,20
1.1713,350,2,20
1.8996,375,2,20
1.1275,400,2,20
1.3999,425,2,20
1.4584,450,2,20
1.7799,475,2,20
1.3475,500,2,20
1.3183,525,2,20
1.6578,550,2,20
0.95192,575,2,20
1.6883,600,2,20
1.2813,625,2,20
1.0462,650,2,20
1.0838,675,2,20
1.2365,700,2,20
1.0767,725,2,20
1.2237,750,2,20
1.312,775,2,20
1.2585,800,2,20
1.1182,825,2,20
1.1615,850,2,20
1.4922,875,2,20
1.3463,900,2,20
1.0447,925,2,20
1.3985,950,2,20
0.96598,975,2,20
1.2272,1000,2,20
1.1535,25,3,1
1.3714,50,3,1
1.4708,75,3,1
1.5426,100,3,1
1.3452,125,3,1
1.8174,150,3,1
1.2207,175,3,1
1.2987,200,3,1
1.5361,225,3,1
1.3965,250,3,1
1.4045,275,3,1
1.1893,300,3,1
1.067,325,3,1
0.93133,350,3,1
1.1567,375,3,1
1.0999,400,3,1
1.3455,425,3,1
1.0085,450,3,1
1.1003,475,3,1
1.0084,500,3,1
0.92636,525,3,1
0.93223,550,3,1
1.1644,575,3,1
1.0768,600,3,1
1.3089,625,3,1
1.1126,650,3,1
0.91988,675,3,1
1.2763,700,3,1
1.0229,725,3,1
1.0681,750,3,1
1.0523,775,3,1
0.86494,800,3,1
0.96498,825,3,1
1.2382,850,3,1
1.1892,875,3,1
1.0065,900,3,1
1.0238,925,3,1
1.0039,950,3,1
1.0877,975,3,1
1.05,1000,3,1
2.2627,25,3,2
2.5721,50,3,2
2.5885,75,3,2
2.447,100,3,2
2.2855,175,3,2
2.6677,200,3,2
2.7356,225,3,2
1.542,250,3,2
1.8015,275,3,2
1.9912,300,3,2
1.9537,325,3,2
2.1915,350,3,2
1.1853,375,3,2
1.8863,425,3,2
1.5021,450,3,2
1.4439,475,3,2
2.1224,500,3,2
2.0928,525,3,2
2.0837,550,3,2
1.8838,575,3,2
2.6992,600,3,2
1.625,625,3,2
1.2429,650,3,2
1.1538,675,3,2
1.4537,700,3,2
2.602,725,3,2
2.615,750,3,2
2.5981,775,3,2
1.9751,800,3,2
1.4101,825,3,2
1.1443,850,3,2
1.4991,875,3,2
1.5775,900,3,2
1.396,925,3,2
1.686,950,3,2
1.4357,975,3,2
1.3461,1000,3,2
1.4507,25,3,3
1.5593,50,3,3
1.862,75,3,3
1.2533,100,3,3
1.8008,125,3,3
1.2583,150,3,3
1.9815,175,3,3
0.96973,200,3,3
2.2641,225,3,3
2.014,250,3,3
2.4034,350,3,3
1.6363,450,3,3
2.0675,475,3,3
2.2913,500,3,3
1.9659,525,3,3
2.0626,550,3,3
2.0436,575,3,3
2.1606,600,3,3
2.6694,625,3,3
1.8763,650,3,3
2.4877,825,3,3
1.6923,875,3,3
1.8577,900,3,3
1.8737,925,3,3
2.3062,950,3,3
1.6543,975,3,3
1.9495,1000,3,3
3.4267,25,3,4
1.7916,50,3,4
1.5956,75,3,4
1.8211,100,3,4
1.3481,125,3,4
1.5505,150,3,4
1.3939,175,3,4
1.5167,200,3,4
1.3485,225,3,4
0.98893,250,3,4
0.7918,275,3,4
0.99285,300,3,4
0.8383,325,3,4
0.94312,350,3,4
1.0444,375,3,4
1.0487,400,3,4
1.0915,425,3,4
0.84469,450,3,4
0.91607,475,3,4
1.0026,500,3,4
0.95763,525,3,4
0.95241,550,3,4
1.2456,575,3,4
0.83638,600,3,4
1.0499,625,3,4
1.0246,650,3,4
0.9837,675,3,4
0.95969,700,3,4
0.9228,725,3,4
1.0263,750,3,4
0.98201,775,3,4
0.95331,800,3,4
0.85337,825,3,4
0.92705,850,3,4
0.93415,875,3,4
1.042,900,3,4
1.1038,925,3,4
0.84377,950,3,4
0.71969,975,3,4
0.90752,1000,3,4
1.1481,25,3,5
0.94936,50,3,5
0.85076,75,3,5
0.85692,100,3,5
0.92501,125,3,5
0.90122,150,3,5
1.2064,175,3,5
0.93627,200,3,5
0.98927,225,3,5
0.89903,250,3,5
0.74924,275,3,5
0.95474,300,3,5
0.88094,325,3,5
0.82443,350,3,5
1.0224,375,3,5
0.98105,400,3,5
0.90653,425,3,5
0.86749,450,3,5
0.88773,475,3,5
0.85334,500,3,5
0.97905,525,3,5
0.92201,550,3,5
0.94229,575,3,5
0.91017,600,3,5
0.92515,625,3,5
0.97286,650,3,5
0.80996,675,3,5
0.82387,700,3,5
0.99664,725,3,5
1.0365,750,3,5
0.90401,775,3,5
0.9103,800,3,5
0.9215,825,3,5
0.78195,850,3,5
0.91375,875,3,5
1.0777,900,3,5
0.99629,925,3,5
1.0074,950,3,5
0.75476,975,3,5
0.93334,1000,3,5
1.4668,25,3,6
1.5143,50,3,6
1.4422,75,3,6
1.3806,100,3,6
1.3555,125,3,6
1.3225,150,3,6
1.2287,175,3,6
1.4291,200,3,6
1.3298,225,3,6
1.0614,250,3,6
1.2416,275,3,6
1.1833,300,3,6
0.8929,325,3,6
1.0327,350,3,6
1.0554,375,3,6
1.0574,400,3,6
1.0598,425,3,6
0.93585,450,3,6
0.86033,475,3,6
0.91973,500,3,6
0.76735,525,3,6
1.2293,550,3,6
0.89944,575,3,6
0.99749,600,3,6
0.99518,625,3,6
1.0149,650,3,6
1.0528,675,3,6
0.9886,700,3,6
0.90632,725,3,6
0.91927,750,3,6
1.2144,775,3,6
0.91066,800,3,6
0.87827,825,3,6
0.98103,850,3,6
1.0354,875,3,6
0.90613,900,3,6
0.9408,925,3,6
0.81075,950,3,6
0.98277,975,3,6
0.72243,1000,3,6
1.7042,25,3,7
1.6033,50,3,7
1.7504,75,3,7
1.7361,100,3,7
1.5127,125,3,7
1.6374,150,3,7
1.7121,175,3,7
1.5427,200,3,7
1.2013,225,3,7
1.1001,250,3,7
1.251,275,3,7
1.1564,300,3,7
1.2231,325,3,7
1.2872,350,3,7
1.1051,375,3,7
1.1397,400,3,7
1.0937,425,3,7
1.0292,450,3,7
1.2395,475,3,7
0.93316,500,3,7
1.1974,525,3,7
0.97114,550,3,7
1.0596,575,3,7
1.2042,600,3,7
1.3618,625,3,7
1.1211,650,3,7
1.1989,675,3,7
1.1774,700,3,7
0.95313,725,3,7
0.92603,750,3,7
1.1312,775,3,7
1.1119,800,3,7
1.2817,825,3,7
1.2707,850,3,7
1.2309,875,3,7
1.1568,900,3,7
1.0456,925,3,7
1.1166,950,3,7
0.90429,975,3,7
1.126,1000,3,7
1.3242,25,3,8
1.2569,50,3,8
0.963,75,3,8
1.3643,100,3,8
1.547,125,3,8
1.7735,150,3,8
1.6156,175,3,8
1.1213,200,3,8
1.657,225,3,8
1.1075,250,3,8
1.547,275,3,8
1.3556,300,3,8
1.165,325,3,8
1.3373,350,3,8
1.3083,375,3,8
1.366,400,3,8
1.5233,425,3,8
1.1872,450,3,8
1.0424,475,3,8
1.1123,500,3,8
1.2325,525,3,8
1.1927,550,3,8
1.0016,575,3,8
1.0572,600,3,8
1.2386,625,3,8
1.2625,650,3,8
1.4429,675,3,8
0.93324,700,3,8
1.1381,725,3,8
0.87937,750,3,8
1.0016,775,3,8
0.96245,800,3,8
1.3114,825,3,8
1.1119,850,3,8
0.94376,875,3,8
1.5368,900,3,8
1.1109,925,3,8
1.2443,950,3,8
1.144,975,3,8
1.0772,1000,3,8
1.6378,25,3,9
1.2551,50,3,9
1.3735,75,3,9
0.952,100,3,9
1.1773,125,3,9
1.4474,150,3,9
1.3395,175,3,9
1.1305,200,3,9
1.0757,225,3,9
1.1315,250,3,9
1.0891,275,3,9
1.5133,300,3,9
1.3986,325,3,9
1.1494,350,3,9
0.99118,375,3,9
1.0818,400,3,9
1.1873,425,3,9
1.228,450,3,9
1.3461,475,3,9
1.009,500,3,9
1.1167,525,3,9
0.73987,550,3,9
1.1633,575,3,9
1.1952,600,3,9
0.97056,625,3,9
0.86209,650,3,9
0.90108,675,3,9
0.76675,700,3,9
0.81518,725,3,9
0.76354,750,3,9
0.9042,775,3,9
0.86945,800,3,9
1.0709,825,3,9
0.88208,850,3,9
0.79252,875,3,9
1.0406,900,3,9
1.0589,925,3,9
0.99895,950,3,9
1.0513,975,3,9
0.86901,1000,3,9
1.309,25,3,10
1.2941,50,3,10
1.3618,75,3,10
1.0349,100,3,10
1.1568,125,3,10
1.4042,150,3,10
1.359,175,3,10
1.3117,200,3,10
1.2094,225,3,10
1.3402,250,3,10
1.2336,275,3,10
1.4326,300,3,10
1.0964,325,3,10
1.2657,350,3,10
1.2264,375,3,10
1.1671,400,3,10
1.2394,425,3,10
1.0464,450,3,10
1.0855,475,3,10
0.89516,500,3,10
0.89564,525,3,10
1.1114,550,3,10
1.1387,575,3,10
1.0909,600,3,10
1.1806,625,3,10
1.0676,650,3,10
1.3594,675,3,10
1.0195,700,3,10
1.1175,725,3,10
1.1349,750,3,10
1.133,775,3,10
1.3276,800,3,10
1.2347,825,3,10
1.0937,850,3,10
1.2544,875,3,10
1.0506,900,3,10
1.3325,925,3,10
1.2359,950,3,10
1.4247,975,3,10
1.2727,1000,3,10
3.1186,25,3,11
1.8295,50,3,11
1.9582,75,3,11
1.5299,100,3,11
1.9539,125,3,11
1.8953,150,3,11
2.6597,175,3,11
2.1391,200,3,11
2.1706,225,3,11
1.3153,250,3,11
1.8818,275,3,11
1.3952,300,3,11
2.4852,325,3,11
1.6427,350,3,11
1.8324,375,3,11
1.5968,400,3,11
1.7286,425,3,11
1.7682,450,3,11
1.8199,475,3,11
2.0844,500,3,11
1.5263,525,3,11
1.7806,550,3,11
1.5365,575,3,11
1.8477,600,3,11
1.9394,625,3,11
1.7349,650,3,11
1.5191,675,3,11
1.4567,700,3,11
1.2493,725,3,11
1.6125,750,3,11
1.1682,775,3,11
1.3747,800,3,11
1.107,825,3,11
1.5828,850,3,11
1.3411,875,3,11
1.5668,900,3,11
1.6956,925,3,11
1.4843,950,3,11
1.071,975,3,11
1.4858,1000,3,11
1.3006,25,3,12
1.4579,50,3,12
1.4911,75,3,12
1.521,100,3,12
1.3096,125,3,12
1.5229,150,3,12
1.883,175,3,12
1.2183,200,3,12
1.3529,225,3,12
1.2883,250,3,12
0.9679,275,3,12
1.1745,300,3,12
1.0341,325,3,12
1.2811,350,3,12
1.5436,375,3,12
1.0743,400,3,12
1.3914,425,3,12
1.2141,450,3,12
1.3791,475,3,12
1.268,500,3,12
1.0557,525,3,12
1.5532,550,3,12
1.6428,575,3,12
1.5867,600,3,12
1.3594,625,3,12
1.1984,650,3,12
1.0864,675,3,12
1.1281,700,3,12
1.2175,725,3,12
1.035,750,3,12
1.0413,775,3,12
0.96844,800,3,12
1.2287,825,3,12
1.4104,850,3,12
1.0587,875,3,12
1.4801,900,3,12
1.1558,925,3,12
1.403,950,3,12
1.3378,975,3,12
1.2645,1000,3,12
1.2235,25,3,13
1.2681,50,3,13
1.3545,75,3,13
1.3233,100,3,13
1.1647,125,3,13
1.3735,150,3,13
1.555,175,3,13
1.6179,200,3,13
1.1345,225,3,13
1.417,250,3,13
1.2968,275,3,13
1.4903,300,3,13
1.1735,325,3,13
0.8471,350,3,13
1.1344,375,3,13
1.4074,400,3,13
1.3922,425,3,13
1.5187,450,3,13
1.3784,475,3,13
1.2739,500,3,13
1.3739,525,3,13
1.5632,550,3,13
1.4037,575,3,13
1.8044,600,3,13
1.547,625,3,13
1.7201,650,3,13
1.4279,675,3,13
1.424,700,3,13
1.3465,725,3,13
1.5389,750,3,13
1.4016,775,3,13
1.5794,800,3,13
2.1357,825,3,13
1.6064,850,3,13
1.2846,875,3,13
1.8585,900,3,13
1.3331,925,3,13
1.0967,950,3,13
1.3001,975,3,13
1.4334,1000,3,13
1.6507,25,3,14
1.5055,50,3,14
1.3529,75,3,14
1.0397,100,3,14
1.1642,125,3,14
1.0581,150,3,14
1.1848,175,3,14
1.1385,200,3,14
1.0692,225,3,14
0.87373,250,3,14
0.92622,275,3,14
1.5106,300,3,14
1.0301,325,3,14
1.404,350,3,14
1.0563,375,3,14
1.3485,400,3,14
1.3235,425,3,14
1.0972,450,3,14
1.0122,475,3,14
1.0332,500,3,14
0.84703,525,3,14
0.86222,550,3,14
1.3437,575,3,14
1.0046,600,3,14
0.89786,625,3,14
0.72809,650,3,14
0.72738,675,3,14
0.85396,700,3,14
0.98402,725,3,14
0.95102,750,3,14
0.98787,775,3,14
0.92902,800,3,14
1.0392,825,3,14
0.93465,850,3,14
0.65985,875,3,14
1.0876,900,3,14
1.1252,925,3,14
1.2773,950,3,14
0.89592,975,3,14
0.85978,1000,3,14
1.5414,25,3,15
1.4373,50,3,15
1.0539,75,3,15
1.3055,100,3,15
1.1549,125,3,15
0.96155,150,3,15
1.4252,175,3,15
0.98556,200,3,15
1.0256,225,3,15
0.7119,250,3,15
1.2216,275,3,15
1.0557,300,3,15
0.85728,325,3,15
1.039,350,3,15
1.2852,375,3,15
1.1608,400,3,15
1.1618,425,3,15
0.94939,450,3,15
0.98178,475,3,15
0.96033,500,3,15
1.9309,525,3,15
1.2007,550,3,15
1.0666,575,3,15
1.3671,600,3,15
1.8485,625,3,15
1.0674,650,3,15
1.1482,675,3,15
1.0908,700,3,15
1.3276,725,3,15
1.4796,750,3,15
1.1609,775,3,15
1.3803,800,3,15
1.4877,825,3,15
1.5219,850,3,15
2.0208,875,3,15
1.0547,900,3,15
1.1793,925,3,15
1.8954,950,3,15
1.6078,975,3,15
1.4805,1000,3,15
1.8748,25,3,16
1.7952,50,3,16
1.4311,75,3,16
1.5806,100,3,16
2.206,125,3,16
2.8616,150,3,16
1.2634,175,3,16
1.5137,200,3,16
1.6724,225,3,16
1.3988,250,3,16
1.2964,275,3,16
1.1414,300,3,16
1.4284,325,3,16
1.0194,350,3,16
1.4078,375,3,16
1.4072,400,3,16
1.8482,425,3,16
1.1058,450,3,16
1.3477,475,3,16
1.2518,500,3,16
1.3185,525,3,16
1.305,550,3,16
1.2497,575,3,16
1.3403,600,3,16
1.714,625,3,16
1.4527,650,3,16
1.3558,675,3,16
1.2877,700,3,16
1.6509,725,3,16
1.3327,750,3,16
1.3254,775,3,16
1.2188,800,3,16
2.125,825,3,16
1.6508,850,3,16
1.2806,875,3,16
1.6832,900,3,16
1.3472,925,3,16
1.5777,950,3,16
1.4838,975,3,16
1.0865,1000,3,16
1.4475,25,3,17
2.8271,50,3,17
1.536,75,3,17
1.9408,100,3,17
1.9023,125,3,17
2.2012,150,3,17
2.1107,175,3,17
2.3754,200,3,17
2.438,225,3,17
2.0236,250,3,17
1.9758,275,3,17
1.5505,300,3,17
1.7887,325,3,17
1.1575,350,3,17
1.6514,375,3,17
1.8672,400,3,17
1.3899,425,3,17
1.562,450,3,17
1.8666,475,3,17
1.7653,500,3,17
2.0312,525,3,17
1.7643,550,3,17
1.7519,575,3,17
1.3063,600,3,17
1.6207,625,3,17
1.6776,650,3,17
1.3879,675,3,17
1.5177,700,3,17
1.4019,725,3,17
1.1935,750,3,17
1.6085,775,3,17
1.5971,800,3,17
1.5462,825,3,17
1.5297,850,3,17
1.5688,875,3,17
1.2853,900,3,17
1.6057,925,3,17
1.4694,950,3,17
1.2982,975,3,17
2.0301,1000,3,17
1.4436,25,3,18
1.2764,50,3,18
1.4752,75,3,18
1.5262,100,3,18
1.6006,125,3,18
1.3122,150,3,18
1.3176,175,3,18
1.1034,200,3,18
1.2393,225,3,18
1.0248,250,3,18
1.2301,275,3,18
1.0579,300,3,18
0.62378,325,3,18
1.0483,350,3,18
1.1241,375,3,18
1.0317,400,3,18
0.99254,425,3,18
0.93271,450,3,18
1.0179,475,3,18
1.1647,500,3,18
0.73068,525,3,18
0.90797,550,3,18
0.94292,575,3,18
1.1168,600,3,18
1.2312,625,3,18
1.3426,650,3,18
1.2796,675,3,18
1.2946,700,3,18
0.94893,725,3,18
0.66512,750,3,18
0.82036,775,3,18
1.032,800,3,18
1.0301,825,3,18
1.1844,850,3,18
1.1088,875,3,18
1.2754,900,3,18
1.1066,925,3,18
0.77577,950,3,18
1.2087,975,3,18
1.0219,1000,3,18
2.161,25,3,19
1.533,50,3,19
1.8242,75,3,19
2.2887,100,3,19
1.6586,125,3,19
2.5796,150,3,19
1.3941,175,3,19
1.5932,200,3,19
1.4112,225,3,19
1.4932,250,3,19
1.8779,275,3,19
1.5326,300,3,19
1.1164,325,3,19
1.6222,350,3,19
1.2719,375,3,19
1.6294,400,3,19
1.7008,425,3,19
1.3847,450,3,19
1.0734,475,3,19
1.3225,500,3,19
1.4454,525,3,19
1.1822,550,3,19
1.2718,575,3,19
1.1482,600,3,19
1.5178,625,3,19
1.0822,650,3,19
1.2329,675,3,19
1.2645,700,3,19
1.3514,725,3,19
1.0302,750,3,19
1.2693,775,3,19
1.1735,800,3,19
1.1885,825,3,19
1.0455,850,3,19
1.2465,875,3,19
0.97828,900,3,19
1.2019,925,3,19
1.2861,950,3,19
0.92751,975,3,19
0.99711,1000,3,19
1.1414,25,3,20
1.3756,50,3,20
1.2119,75,3,20
1.0579,100,3,20
1.2765,125,3,20
1.0398,150,3,20
1.3879,175,3,20
1.4708,200,3,20
1.3779,225,3,20
1.1159,250,3,20
1.1444,275,3,20
1.3883,300,3,20
1.1272,325,3,20
1.1397,350,3,20
1.4162,375,3,20
1.1253,400,3,20
1.5733,425,3,20
1.378,450,3,20
1.404,475,3,20
1.1277,500,3,20
1.2942,525,3,20
1.1798,550,3,20
1.1086,575,3,20
1.4753,600,3,20
1.3892,625,3,20
1.4285,650,3,20
0.94242,675,3,20
1.278,700,3,20
1.1054,725,3,20
1.1963,750,3,20
1.2088,775,3,20
1.1679,800,3,20
1.257,825,3,20
1.3011,850,3,20
1.2127,875,3,20
1.0621,900,3,20
1.2504,925,3,20
1.5613,950,3,20
1.494,975,3,20
1.2886,1000,3,20
1.2382,25,4,1
1.5947,50,4,1
2.0207,75,4,1
1.4445,100,4,1
1.7627,125,4,1
1.1959,150,4,1
1.2202,175,4,1
1.175,200,4,1
1.1344,225,4,1
1.2743,250,4,1
1.1679,275,4,1
1.2952,300,4,1
1.3377,325,4,1
1.0832,350,4,1
1.2523,375,4,1
1.2887,400,4,1
2.1887,425,4,1
1.8017,450,4,1
1.5154,475,4,1
1.2231,500,4,1
1.1881,525,4,1
1.3403,550,4,1
1.1043,575,4,1
1.2984,600,4,1
2.2853,625,4,1
1.3634,650,4,1
1.1439,675,4,1
1.3768,700,4,1
0.97662,725,4,1
1.1341,750,4,1
0.97399,775,4,1
1.0795,800,4,1
1.2685,825,4,1
1.2254,850,4,1
1.1203,875,4,1
0.96618,900,4,1
0.97443,925,4,1
1.073,950,4,1
0.93664,975,4,1
0.99632,1000,4,1
1.1524,1025,4,1
1.0035,1050,4,1
1.0538,1075,4,1
1.0463,1100,4,1
0.928,1125,4,1
1.0085,1150,4,1
1.2074,1175,4,1
1.5213,1200,4,1
1.0602,1225,4,1
0.9582,1250,4,1
1.0247,1275,4,1
1.0175,1300,4,1
0.89681,1325,4,1
1.2641,1350,4,1
1.0078,1375,4,1
0.85734,1400,4,1
1.43,1425,4,1
0.87832,1450,4,1
0.77541,1475,4,1
1.0509,1500,4,1
0.79675,1525,4,1
0.9512,1550,4,1
0.8436,1575,4,1
0.99226,1600,4,1
1.3198,1625,4,1
1.2107,1650,4,1
1.0368,1675,4,1
0.86148,1700,4,1
0.91917,1725,4,1
0.98021,1750,4,1
0.95799,1775,4,1
1.0518,1800,4,1
1.4586,1825,4,1
0.95327,1850,4,1
0.87373,1875,4,1
0.85396,1900,4,1
0.8608,1925,4,1
0.98442,1950,4,1
0.92578,1975,4,1
0.99019,2000,4,1
1.3782,25,4,2
0.99473,50,4,2
1.0828,75,4,2
1.2523,100,4,2
1.1392,125,4,2
1.0194,150,4,2
0.87118,175,4,2
0.95351,200,4,2
1.0564,225,4,2
1.423,250,4,2
1.3012,275,4,2
1.2805,300,4,2
1.0509,325,4,2
1.4711,350,4,2
0.91605,375,4,2
1.1472,400,4,2
1.1089,425,4,2
1.0545,450,4,2
0.79914,475,4,2
0.88318,500,4,2
0.85391,525,4,2
1.0779,550,4,2
0.98872,575,4,2
1.0175,600,4,2
1.6077,625,4,2
1.6665,650,4,2
1.492,675,4,2
1.3346,700,4,2
1.2619,725,4,2
1.2532,750,4,2
1.5315,775,4,2
1.2176,800,4,2
0.96317,825,4,2
1.0523,850,4,2
0.78024,875,4,2
1.0214,900,4,2
0.85387,925,4,2
0.91139,950,4,2
0.98284,975,4,2
1.1145,1000,4,2
1.2746,1025,4,2
1.5816,1050,4,2
1.1858,1075,4,2
1.0896,1100,4,2
1.3512,1125,4,2
1.1646,1150,4,2
1.5196,1175,4,2
1.5791,1200,4,2
1.5785,1225,4,2
0.93061,1250,4,2
1.0633,1275,4,2
1.1357,1300,4,2
1.6002,1325,4,2
1.0688,1350,4,2
1.1634,1375,4,2
1.887,1400,4,2
0.95876,1425,4,2
1.0347,1450,4,2
0.95527,1475,4,2
0.72043,1500,4,2
1.0793,1525,4,2
1.0977,1550,4,2
1.0305,1575,4,2
1.107,1600,4,2
1.56,1625,4,2
1.0525,1650,4,2
1.4391,1675,4,2
1.7179,1700,4,2
1.6885,1725,4,2
1.6252,1750,4,2
1.1333,1775,4,2
1.1539,1800,4,2
1.1575,1825,4,2
1.2207,1850,4,2
1.1963,1875,4,2
1.2866,1900,4,2
1.1871,1925,4,2
1.2354,1950,4,2
1.5551,1975,4,2
1.0971,2000,4,2
1.222,25,4,3
1.2889,50,4,3
1.5782,75,4,3
1.7111,100,4,3
1.6333,125,4,3
1.5942,150,4,3
1.5928,175,4,3
1.7794,200,4,3
1.5961,225,4,3
1.459,250,4,3
1.383,275,4,3
1.2827,300,4,3
1.2918,325,4,3
1.387,350,4,3
1.3514,375,4,3
1.448,400,4,3
1.4663,425,4,3
1.6986,450,4,3
1.4627,475,4,3
1.6209,500,4,3
1.8566,525,4,3
1.5732,550,4,3
1.6803,575,4,3
1.3911,600,4,3
1.4379,625,4,3
1.2135,650,4,3
1.167,675,4,3
1.4512,700,4,3
1.1161,725,4,3
1.1411,750,4,3
1.3548,775,4,3
1.4745,800,4,3
1.5223,825,4,3
1.2006,850,4,3
1.4175,875,4,3
1.3201,900,4,3
1.1937,925,4,3
1.2432,950,4,3
1.182,975,4,3
1.0077,1000,4,3
1.3348,1025,4,3
1.7154,1050,4,3
1.825,1075,4,3
1.6499,1100,4,3
1.2899,1125,4,3
1.6231,1150,4,3
1.2381,1175,4,3
1.2873,1200,4,3
1.6388,1225,4,3
1.4152,1250,4,3
1.7745,1275,4,3
1.5671,1300,4,3
1.3084,1325,4,3
1.2141,1350,4,3
1.1639,1375,4,3
1.2803,1400,4,3
1.8609,1425,4,3
1.1471,1450,4,3
1.1948,1475,4,3
1.2702,1500,4,3
1.3932,1525,4,3
1.1768,1550,4,3
1.4589,1575,4,3
1.5712,1600,4,3
1.4443,1625,4,3
1.3242,1650,4,3
1.4308,1675,4,3
1.1852,1700,4,3
1.215,1725,4,3
1.1369,1750,4,3
1.2756,1775,4,3
1.7291,1800,4,3
1.2097,1825,4,3
1.2586,1850,4,3
1.0883,1875,4,3
1.1803,1900,4,3
1.0396,1925,4,3
1.2541,1950,4,3
0.93361,1975,4,3
0.78987,2000,4,3
2.1098,25,4,4
1.3685,50,4,4
1.3966,75,4,4
1.4014,100,4,4
1.2802,125,4,4
1.5125,150,4,4
1.2515,175,4,4
1.437,200,4,4
1.253,225,4,4
1.2754,250,4,4
1.4022,275,4,4
1.6818,300,4,4
1.3742,325,4,4
1.4898,350,4,4
2.4004,375,4,4
1.4041,400,4,4
1.9872,425,4,4
1.8697,450,4,4
2.2945,475,4,4
1.7051,500,4,4
2.1013,525,4,4
1.3788,550,4,4
2.004,575,4,4
1.4714,600,4,4
1.7725,625,4,4
1.4171,650,4,4
1.2605,675,4,4
1.4037,700,4,4
1.2211,725,4,4
1.339,750,4,4
1.2525,775,4,4
0.9942,800,4,4
1.9296,825,4,4
1.7216,850,4,4
1.8698,875,4,4
1.4445,900,4,4
1.5905,925,4,4
1.5092,950,4,4
1.4258,975,4,4
1.603,1000,4,4
1.9458,1025,4,4
1.529,1050,4,4
1.2094,1075,4,4
1.077,1100,4,4
1.4774,1125,4,4
1.4148,1150,4,4
1.1555,1175,4,4
1.5078,1200,4,4
1.4001,1225,4,4
1.2536,1250,4,4
1.0044,1275,4,4
0.856,1300,4,4
0.92696,1325,4,4
1.3236,1350,4,4
1.1413,1375,4,4
1.0902,1400,4,4
1.1714,1425,4,4
1.191,1450,4,4
1.3718,1475,4,4
1.2589,1500,4,4
1.1225,1525,4,4
1.1397,1550,4,4
1.2993,1575,4,4
1.1652,1600,4,4
1.3757,1625,4,4
1.3542,1650,4,4
1.2605,1675,4,4
1.3729,1700,4,4
1.3762,1725,4,4
1.3623,1750,4,4
1.3465,1775,4,4
1.6521,1800,4,4
1.1285,1825,4,4
1.0882,1850,4,4
0.98173,1875,4,4
1.1762,1900,4,4
1.5119,1925,4,4
1.0196,1950,4,4
0.81789,1975,4,4
1.0948,2000,4,4
1.8007,25,4,5
1.5342,50,4,5
1.9074,75,4,5
1.3401,100,4,5
1.4475,125,4,5
1.457,150,4,5
1.0751,175,4,5
1.2083,200,4,5
1.2584,225,4,5
1.1388,250,4,5
1.3374,275,4,5
0.96845,300,4,5
1.1429,325,4,5
1.2873,350,4,5
1.2103,375,4,5
1.0311,400,4,5
1.1389,425,4,5
1.0043,450,4,5
1.2753,475,4,5
1.0838,500,4,5
1.1172,525,4,5
1.2426,550,4,5
0.98179,575,4,5
1.1904,600,4,5
1.2906,625,4,5
1.0922,650,4,5
0.99567,675,4,5
1.1374,700,4,5
1.1287,725,4,5
1.0573,750,4,5
1.1063,775,4,5
1.0261,800,4,5
1.3575,825,4,5
0.98581,850,4,5
1.0628,875,4,5
1.0412,900,4,5
1.2771,925,4,5
1.4092,950,4,5
1.5597,975,4,5
1.6556,1000,4,5
1.6549,1025,4,5
1.508,1050,4,5
1.4482,1075,4,5
1.6722,1100,4,5
1.6919,1125,4,5
1.514,1150,4,5
1.7439,1175,4,5
1.9986,1200,4,5
1.3167,1225,4,5
1.4123,1250,4,5
1.1307,1275,4,5
0.84244,1300,4,5
0.93064,1325,4,5
1.2343,1350,4,5
1.1524,1375,4,5
1.1517,1400,4,5
0.82097,1425,4,5
0.88327,1450,4,5
0.87222,1475,4,5
1.0138,1500,4,5
0.78099,1525,4,5
1.0859,1550,4,5
0.94492,1575,4,5
0.8492,1600,4,5
1.284,1625,4,5
1.2117,1650,4,5
1.0104,1675,4,5
1.0831,1700,4,5
1.0506,1725,4,5
0.86461,1750,4,5
0.92744,1775,4,5
1.2163,1800,4,5
1.2933,1825,4,5
0.79572,1850,4,5
0.9624,1875,4,5
1.0269,1900,4,5
0.81178,1925,4,5
1.0004,1950,4,5
0.89701,1975,4,5
0.81555,2000,4,5
2.049,25,4,6
2.5043,50,4,6
2.2351,100,4,6
1.1265,125,4,6
1.3911,150,4,6
1.2725,175,4,6
1.7074,200,4,6
2.2112,225,4,6
1.5679,250,4,6
1.7538,275,4,6
1.7946,300,4,6
2.147,325,4,6
1.2527,350,4,6
1.775,375,4,6
1.821,400,4,6
1.7893,425,4,6
1.2001,450,4,6
1.4416,475,4,6
1.1038,500,4,6
1.2349,525,4,6
1.3384,550,4,6
0.94754,575,4,6
1.314,600,4,6
1.2424,625,4,6
1.3003,650,4,6
1.1044,675,4,6
1.4452,700,4,6
1.2305,725,4,6
1.4351,750,4,6
1.3039,775,4,6
1.4402,800,4,6
1.2615,825,4,6
0.98277,850,4,6
1.2508,875,4,6
1.1482,900,4,6
1.2289,925,4,6
1.0716,950,4,6
0.96277,975,4,6
1.1444,1000,4,6
1.9335,1025,4,6
0.92799,1050,4,6
1.1236,1075,4,6
0.87883,1100,4,6
1.0647,1125,4,6
1.2479,1150,4,6
0.93374,1175,4,6
1.0232,1200,4,6
0.90394,1225,4,6
1.0607,1250,4,6
1.0739,1275,4,6
1.0442,1300,4,6
1.0571,1325,4,6
1.0981,1350,4,6
0.88937,1375,4,6
1.16,1400,4,6
1.3753,1425,4,6
0.89941,1450,4,6
1.0807,1475,4,6
0.82739,1500,4,6
0.88629,1525,4,6
0.84748,1550,4,6
1.3277,1575,4,6
0.97119,1600,4,6
1.175,1625,4,6
1.032,1650,4,6
1.3284,1675,4,6
1.1104,1700,4,6
0.96517,1725,4,6
1.4917,1750,4,6
0.82331,1775,4,6
1.116,1800,4,6
1.193,1825,4,6
1.1065,1850,4,6
1.2413,1875,4,6
1.3624,1900,4,6
1.1293,1925,4,6
1.1733,1950,4,6
1.3196,1975,4,6
1.0804,2000,4,6
1.8755,25,4,7
1.3438,50,4,7
1.6916,75,4,7
1.6064,100,4,7
1.2217,125,4,7
1.2577,150,4,7
1.2571,175,4,7
1.2797,200,4,7
1.1037,225,4,7
1.0808,250,4,7
0.99734,275,4,7
1.2932,300,4,7
1.0467,325,4,7
1.345,350,4,7
0.86328,375,4,7
1.2391,400,4,7
1.1234,425,4,7
0.87179,450,4,7
0.99484,475,4,7
0.78529,500,4,7
1.0429,525,4,7
1.3923,550,4,7
1.4366,575,4,7
1.0997,600,4,7
1.1877,625,4,7
1.375,650,4,7
1.0342,675,4,7
0.92103,700,4,7
1.1427,725,4,7
0.92356,750,4,7
0.73545,775,4,7
1.5293,800,4,7
1.149,825,4,7
1.0383,850,4,7
1.5751,875,4,7
0.77293,900,4,7
1.0021,925,4,7
0.75432,950,4,7
1.1904,975,4,7
0.72773,1000,4,7
1.5714,1025,4,7
1.0661,1050,4,7
1.3442,1075,4,7
1.3121,1100,4,7
1.0267,1125,4,7
1.0206,1150,4,7
0.95687,1175,4,7
1.0674,1200,4,7
1.2092,1225,4,7
0.96269,1250,4,7
1.2277,1275,4,7
0.98159,1300,4,7
0.86592,1325,4,7
1.131,1350,4,7
0.97357,1375,4,7
0.77372,1400,4,7
0.83626,1425,4,7
1.3851,1450,4,7
1.2106,1475,4,7
1.274,1500,4,7
1.0168,1525,4,7
1.2492,1550,4,7
1.2786,1575,4,7
1.1969,1600,4,7
1.1526,1625,4,7
1.1687,1650,4,7
1.023,1675,4,7
0.88413,1700,4,7
0.73623,1725,4,7
0.67707,1750,4,7
0.96305,1775,4,7
1.0261,1800,4,7
1.0949,1825,4,7
1.018,1850,4,7
1.5465,1875,4,7
1.3103,1900,4,7
1.3553,1925,4,7
1.2396,25,4,8
1.4098,50,4,8
1.4602,75,4,8
1.7007,100,4,8
1.1622,125,4,8
1.3011,150,4,8
1.1442,175,4,8
1.2428,200,4,8
1.2236,225,4,8
1.3692,250,4,8
0.82579,275,4,8
1.1537,300,4,8
1.5159,325,4,8
1.3242,350,4,8
1.1706,375,4,8
1.1011,400,4,8
1.3582,425,4,8
1.4845,450,4,8
1.351,475,4,8
1.5164,500,4,8
1.3368,525,4,8
1.478,550,4,8
1.8037,575,4,8
2.0714,600,4,8
1.7851,625,4,8
1.6378,650,4,8
2.2363,675,4,8
1.6187,700,4,8
2.3751,775,4,8
1.7281,800,4,8
1.7096,825,4,8
1.5265,875,4,8
1.4762,900,4,8
1.5808,925,4,8
1.9059,975,4,8
2.0337,1000,4,8
2.3561,1150,4,8
2.9171,1175,4,8
1.658,1200,4,8
2.3282,1250,4,8
1.1265,1275,4,8
1.5831,1300,4,8
2.4993,1325,4,8
2.0621,1350,4,8
1.4066,1375,4,8
1.6901,1400,4,8
1.2818,1425,4,8
1.2491,1450,4,8
1.0125,1475,4,8
0.92134,1500,4,8
1.7141,1525,4,8
0.96794,1550,4,8
1.4422,1575,4,8
1.7583,1600,4,8
1.6893,1625,4,8
1.4415,1650,4,8
1.2028,1675,4,8
0.98752,1700,4,8
0.9632,1725,4,8
1.1671,1750,4,8
1.1516,1775,4,8
1.0661,1800,4,8
1.0164,1825,4,8
1.2962,1850,4,8
1.1795,1875,4,8
1.0467,1900,4,8
1.1601,1925,4,8
1.1347,1950,4,8
0.96643,1975,4,8
0.96961,2000,4,8
1.5385,25,4,9
1.2856,50,4,9
1.4997,75,4,9
1.2367,100,4,9
1.3055,125,4,9
1.6216,225,4,9
1.4246,250,4,9
1.2203,275,4,9
1.0615,300,4,9
1.0577,325,4,9
1.9175,350,4,9
0.95596,375,4,9
1.4033,400,4,9
1.4883,425,4,9
1.5831,450,4,9
1.2815,475,4,9
1.1753,500,4,9
1.3011,525,4,9
1.3377,550,4,9
1.1867,575,4,9
1.2982,600,4,9
0.9953,625,4,9
0.95778,650,4,9
1.1175,675,4,9
0.93846,700,4,9
1.2907,725,4,9
1.5227,750,4,9
1.3442,775,4,9
1.3918,800,4,9
1.1598,825,4,9
0.84861,850,4,9
0.80986,875,4,9
1.1845,900,4,9
0.834,925,4,9
1.0455,950,4,9
0.93585,975,4,9
1.1769,1000,4,9
1.3452,1025,4,9
1.532,1050,4,9
1.1093,1075,4,9
1.6855,1100,4,9
1.4419,1125,4,9
1.3874,1150,4,9
0.81395,1175,4,9
1.007,1200,4,9
1.075,1225,4,9
0.9106,1250,4,9
1.146,1275,4,9
0.84532,1300,4,9
1.1451,1325,4,9
0.91106,1350,4,9
1.0456,1375,4,9
1.3833,1400,4,9
1.5302,1425,4,9
0.91551,1450,4,9
1.6653,1475,4,9
1.206,1500,4,9
1.3975,1525,4,9
1.019,1575,4,9
1.0861,1600,4,9
0.83443,1625,4,9
1.1792,1650,4,9
1.1618,1675,4,9
1.2529,1700,4,9
1.2374,1725,4,9
1.8766,1750,4,9
1.1923,1775,4,9
1.2306,1800,4,9
1.274,1825,4,9
1.0932,1850,4,9
1.5591,1875,4,9
1.1229,1900,4,9
1.4163,1925,4,9
0.96,1950,4,9
1.144,1975,4,9
0.88192,2000,4,9
2.6437,25,4,10
1.7575,75,4,10
2.0641,100,4,10
1.4066,125,4,10
1.6795,150,4,10
1.7976,175,4,10
1.3586,200,4,10
1.2355,225,4,10
1.1227,250,4,10
1.0036,275,4,10
1.1236,300,4,10
1.0721,325,4,10
1.4934,350,4,10
1.0547,375,4,10
1.0434,400,4,10
1.1392,425,4,10
1.1968,450,4,10
1.3236,475,4,10
0.93212,500,4,10
1.1826,525,4,10
1.3781,550,4,10
1.3132,575,4,10
1.363,600,4,10
1.1333,625,4,10
0.97025,650,4,10
0.88727,675,4,10
0.95786,700,4,10
1.1639,725,4,10
1.202,750,4,10
1.0298,775,4,10
0.89874,800,4,10
1.2795,825,4,10
1.0854,850,4,10
1.1053,875,4,10
1.4875,900,4,10
1.2846,925,4,10
1.4374,950,4,10
0.99071,975,4,10
1.1406,1000,4,10
2.2576,1025,4,10
1.1133,1050,4,10
1.0506,1075,4,10
0.98028,1100,4,10
1.2161,1125,4,10
0.96811,1150,4,10
1.4312,1175,4,10
1.2843,1200,4,10
1.1946,1225,4,10
1.0143,1250,4,10
1.3339,1275,4,10
1.147,1300,4,10
1.0339,1325,4,10
1.2361,1350,4,10
1.2344,1375,4,10
1.0919,1400,4,10
1.446,1425,4,10
0.96713,1450,4,10
1.4149,1475,4,10
1.1913,1500,4,10
1.35,1525,4,10
1.4344,1550,4,10
2.1874,1575,4,10
1.6373,1600,4,10
1.1513,1625,4,10
1.0058,1650,4,10
0.86685,1675,4,10
1.0725,1700,4,10
1.2707,1725,4,10
0.65761,1750,4,10
0.86302,1775,4,10
1.4295,1800,4,10
1.1897,1825,4,10
1.2284,1850,4,10
1.1683,1875,4,10
0.8143,1900,4,10
0.97305,1925,4,10
1.5008,1950,4,10
1.5312,1975,4,10
1.7784,2000,4,10
1.4924,25,4,11
1.4831,50,4,11
1.2153,75,4,11
1.1045,100,4,11
1.3208,125,4,11
1.3765,150,4,11
1.7243,175,4,11
1.4866,200,4,11
1.6257,225,4,11
1.4781,250,4,11
1.5263,275,4,11
1.5521,300,4,11
2.1517,325,4,11
1.8273,350,4,11
1.9132,375,4,11
1.4269,400,4,11
1.3207,425,4,11
1.4504,450,4,11
1.3322,475,4,11
1.5409,500,4,11
1.362,525,4,11
1.4612,550,4,11
1.4111,575,4,11
1.4093,600,4,11
1.17,625,4,11
1.8849,650,4,11
1.52,675,4,11
2.0548,700,4,11
2.3509,725,4,11
1.2946,750,4,11
1.3902,775,4,11
1.5628,800,4,11
2.2913,825,4,11
0.99551,850,4,11
1.2179,875,4,11
0.75476,900,4,11
1.3236,925,4,11
1.0227,950,4,11
1.4261,975,4,11
1.4773,1000,4,11
1.233,1025,4,11
1.3387,1050,4,11
3.3177,1100,4,11
1.9876,1225,4,11
1.9447,1250,4,11
1.3493,1275,4,11
1.606,1300,4,11
2.548,1325,4,11
1.396,1350,4,11
1.4745,1375,4,11
0.91723,1400,4,11
2.0058,1425,4,11
1.4131,1450,4,11
0.97563,1475,4,11
1.1325,1500,4,11
1.4994,1525,4,11
1.2403,1550,4,11
0.92017,1625,4,11
1.3612,1650,4,11
0.97107,1675,4,11
0.87196,1700,4,11
1.2679,1725,4,11
1.3576,1750,4,11
1.545,1775,4,11
2.2346,1800,4,11
1.3055,1825,4,11
1.1509,1850,4,11
1.8246,1875,4,11
1.6536,1900,4,11
1.2195,1925,4,11
1.5904,1950,4,11
1.3271,1975,4,11
1.0466,2000,4,11
1.4147,25,4,12
1.3204,50,4,12
1.2077,75,4,12
1.7746,100,4,12
1.5418,125,4,12
1.6377,150,4,12
1.7586,175,4,12
1.8482,200,4,12
2.8523,225,4,12
1.1962,275,4,12
1.6111,300,4,12
1.7421,325,4,12
1.7403,350,4,12
1.3973,375,4,12
1.5032,400,4,12
2.0349,425,4,12
1.744,450,4,12
1.1378,550,4,12
1.9363,575,4,12
1.8421,600,4,12
1.819,725,4,12
1.7177,750,4,12
1.4219,775,4,12
1.6658,800,4,12
0.90781,825,4,12
1.4847,850,4,12
1.8693,875,4,12
0.92132,900,4,12
1.0491,925,4,12
1.214,950,4,12
1.552,975,4,12
1.0874,1000,4,12
1.5836,1025,4,12
1.0061,1050,4,12
2.132,1075,4,12
1.2974,1100,4,12
1.6816,1125,4,12
1.4522,1150,4,12
1.4433,1175,4,12
1.6101,1200,4,12
1.6042,1225,4,12
1.8534,1250,4,12
1.8335,1275,4,12
1.6447,1300,4,12
1.9263,1325,4,12
2.1914,1350,4,12
2.1817,1400,4,12
2.779,1425,4,12
1.7163,1450,4,12
2.3529,1475,4,12
2.1363,1500,4,12
1.7035,1525,4,12
1.7769,1575,4,12
2.1535,1600,4,12
1.7967,1625,4,12
0.36798,1650,4,12
0.82169,1675,4,12
2.0512,1800,4,12
1.2163,1825,4,12
1.5651,1850,4,12
1.7274,1875,4,12
1.9215,1925,4,12
2.2366,2000,4,12
1.2992,25,4,13
1.5911,50,4,13
1.5263,75,4,13
1.0055,100,4,13
1.3834,125,4,13
1.3261,150,4,13
1.3057,175,4,13
1.2243,200,4,13
0.95701,225,4,13
0.95986,250,4,13
1.2649,275,4,13
1.1432,300,4,13
1.0331,325,4,13
0.88998,350,4,13
1.1058,375,4,13
1.3937,400,4,13
0.82608,425,4,13
1.0908,450,4,13
0.86924,475,4,13
0.8874,500,4,13
0.9272,525,4,13
0.86619,550,4,13
1.0024,575,4,13
0.93454,600,4,13
1.2614,625,4,13
1.0925,650,4,13
1.3389,675,4,13
0.858,700,4,13
0.86343,725,4,13
1.1934,750,4,13
0.929,775,4,13
0.96673,800,4,13
0.96292,825,4,13
0.67319,850,4,13
0.5297,875,4,13
0.92479,900,4,13
0.83063,925,4,13
0.71203,950,4,13
1.0628,975,4,13
0.70616,1000,4,13
1.0121,1025,4,13
0.86395,1050,4,13
0.76591,1075,4,13
0.9125,1100,4,13
0.83723,1125,4,13
0.75262,1150,4,13
0.78866,1175,4,13
0.70849,1200,4,13
0.83707,1225,4,13
0.91181,1250,4,13
0.91325,1275,4,13
0.83554,1300,4,13
0.7162,1325,4,13
0.85595,1350,4,13
0.89328,1375,4,13
0.73336,1400,4,13
1.2938,1425,4,13
0.66141,1450,4,13
0.85396,1475,4,13
0.63206,1500,4,13
0.64314,1525,4,13
0.79658,1550,4,13
0.9347,1575,4,13
0.94732,1600,4,13
0.98135,1625,4,13
0.61984,1650,4,13
1.113,1675,4,13
0.6502,1700,4,13
0.75255,1725,4,13
1.1659,1750,4,13
1.2244,1775,4,13
0.85048,1800,4,13
0.87957,1825,4,13
0.77424,1850,4,13
0.73302,1875,4,13
0.75807,1900,4,13
0.90496,1925,4,13
0.87021,1950,4,13
1.0848,1975,4,13
0.81997,2000,4,13
1.4971,25,4,14
1.4597,50,4,14
1.2047,75,4,14
1.5481,100,4,14
1.2237,125,4,14
1.3504,150,4,14
1.1164,175,4,14
1.4724,200,4,14
1.5436,225,4,14
1.5048,250,4,14
1.4193,275,4,14
1.2105,300,4,14
1.2772,325,4,14
1.2969,350,4,14
1.2754,375,4,14
1.363,400,4,14
1.474,425,4,14
1.1463,450,4,14
1.1282,475,4,14
1.2088,500,4,14
1.1944,525,4,14
1.1773,550,4,14
1.0193,575,4,14
1.4984,600,4,14
1.4797,625,4,14
1.2267,650,4,14
1.1188,675,4,14
1.0614,700,4,14
1.3944,725,4,14
1.0551,750,4,14
1.0272,775,4,14
0.9853,800,4,14
1.3036,825,4,14
1.0641,850,4,14
0.77349,875,4,14
0.78334,900,4,14
0.85308,925,4,14
0.87003,950,4,14
0.65233,975,4,14
0.94577,1000,4,14
1.0491,1025,4,14
0.78177,1050,4,14
1.1294,1075,4,14
0.91179,1100,4,14
0.80633,1125,4,14
0.92094,1150,4,14
1.458,1175,4,14
0.89663,1200,4,14
1.0418,1225,4,14
0.81251,1250,4,14
1.0803,1275,4,14
1.1722,1300,4,14
0.96057,1325,4,14
0.83101,1350,4,14
0.7513,1375,4,14
0.95399,1400,4,14
1.0802,1425,4,14
0.68244,1450,4,14
1.0427,1475,4,14
0.96139,1500,4,14
0.9033,1525,4,14
0.87536,1550,4,14
1.3037,1575,4,14
1.3237,1600,4,14
1.0429,1625,4,14
0.74034,1650,4,14
1.1223,1675,4,14
0.89705,1700,4,14
1.0136,1725,4,14
1.307,1750,4,14
1.0899,1775,4,14
1.1569,1800,4,14
0.70909,1825,4,14
1.072,1850,4,14
1.7018,1875,4,14
1.224,1900,4,14
1.1017,1925,4,14
0.9449,1950,4,14
0.59102,1975,4,14
0.99749,2000,4,14
1.1107,25,4,15
1.0995,50,4,15
1.2623,75,4,15
1.1544,100,4,15
1.0943,125,4,15
1.1582,150,4,15
0.90815,175,4,15
0.87217,200,4,15
0.86452,225,4,15
0.93006,250,4,15
1.1862,275,4,15
0.95634,300,4,15
0.94701,325,4,15
0.84592,350,4,15
0.78269,375,4,15
0.84776,400,4,15
0.93951,425,4,15
0.91156,450,4,15
0.99041,475,4,15
0.70997,500,4,15
1.0304,525,4,15
1.0846,550,4,15
0.90186,575,4,15
0.78725,600,4,15
0.91678,625,4,15
1.0165,650,4,15
0.69565,675,4,15
0.8099,700,4,15
0.82952,725,4,15
0.94772,750,4,15
0.64682,775,4,15
0.79455,800,4,15
1.0022,825,4,15
0.90015,850,4,15
0.86923,875,4,15
0.73563,900,4,15
1.0122,925,4,15
0.75565,950,4,15
0.72225,975,4,15
0.85919,1000,4,15
0.95849,1025,4,15
0.90855,1050,4,15
0.85041,1075,4,15
0.90125,1100,4,15
0.75492,1125,4,15
0.84915,1150,4,15
0.97766,1175,4,15
0.82692,1200,4,15
1.049,1225,4,15
1.1517,1250,4,15
0.94251,1275,4,15
0.82208,1300,4,15
1.0429,1325,4,15
1.1657,1350,4,15
0.94951,1375,4,15
0.99587,1400,4,15
0.86872,1425,4,15
0.82864,1450,4,15
0.83833,1475,4,15
0.97942,1500,4,15
0.93347,1525,4,15
1.1191,1550,4,15
1.017,1575,4,15
0.91256,1600,4,15
0.97132,1625,4,15
0.93712,1650,4,15
0.86783,1675,4,15
0.75903,1700,4,15
0.75168,1725,4,15
0.75499,1750,4,15
0.89052,1775,4,15
0.78999,1800,4,15
1.1395,1825,4,15
0.8727,1850,4,15
0.83465,1875,4,15
0.78239,1900,4,15
0.72655,1925,4,15
0.85333,1950,4,15
0.72904,1975,4,15
0.77892,2000,4,15
2.0681,25,4,16
2.0964,50,4,16
1.6949,75,4,16
1.8096,100,4,16
1.9009,125,4,16
2.2946,150,4,16
1.8725,175,4,16
1.9637,200,4,16
1.814,225,4,16
1.8749,250,4,16
2.2751,275,4,16
1.597,300,4,16
1.7076,325,4,16
2.4971,350,4,16
1.9504,375,4,16
2.3404,400,4,16
2.3887,425,4,16
1.8491,450,4,16
1.4306,475,4,16
1.6889,500,4,16
1.5525,525,4,16
1.6567,550,4,16
1.1228,575,4,16
1.1395,600,4,16
1.5118,625,4,16
1.4604,650,4,16
1.4923,675,4,16
1.5519,700,4,16
1.4783,725,4,16
1.5251,750,4,16
1.8472,775,4,16
1.5771,800,4,16
1.4327,825,4,16
1.2727,850,4,16
1.4961,875,4,16
1.2664,900,4,16
1.1101,925,4,16
1.397,950,4,16
1.4198,975,4,16
1.3403,1000,4,16
1.0907,1025,4,16
1.2915,1050,4,16
1.0174,1075,4,16
1.3597,1100,4,16
1.3087,1125,4,16
1.1174,1150,4,16
1.2063,1175,4,16
1.6529,1200,4,16
1.2475,1225,4,16
1.0241,1250,4,16
1.145,1275,4,16
1.2777,1300,4,16
1.1529,1325,4,16
1.2799,1350,4,16
0.94159,1375,4,16
2.0822,1400,4,16
1.4588,1425,4,16
1.5372,1450,4,16
1.572,1475,4,16
1.0644,1500,4,16
1.2338,1525,4,16
1.064,1550,4,16
1.1923,1575,4,16
1.3746,1600,4,16
2.0301,1625,4,16
1.349,1650,4,16
1.1805,1675,4,16
1.4382,1700,4,16
1.1154,1725,4,16
1.0519,1750,4,16
1.1614,1775,4,16
1.4647,1800,4,16
1.3663,1825,4,16
1.1353,1850,4,16
1.3697,1875,4,16
1.2163,1900,4,16
1.2723,1925,4,16
0.89245,1950,4,16
1.0057,1975,4,16
1.5498,2000,4,16
1.3087,25,4,17
1.4594,50,4,17
1.2431,75,4,17
1.3698,100,4,17
1.3898,125,4,17
1.2204,150,4,17
1.3754,175,4,17
1.047,200,4,17
1.232,225,4,17
1.4702,250,4,17
1.4108,275,4,17
1.1625,300,4,17
1.0168,325,4,17
1.1585,350,4,17
0.8308,375,4,17
1.202,400,4,17
1.3702,425,4,17
1.3675,450,4,17
1.1646,475,4,17
1.1332,500,4,17
0.955,525,4,17
1.4312,550,4,17
1.1424,575,4,17
1.1274,600,4,17
1.4805,625,4,17
1.6288,650,4,17
1.6424,675,4,17
1.7927,700,4,17
1.4228,725,4,17
1.1593,750,4,17
1.6357,775,4,17
1.3306,800,4,17
1.4676,825,4,17
1.4348,850,4,17
0.97762,875,4,17
1.1879,900,4,17
0.87354,925,4,17
1.2573,950,4,17
1.0584,975,4,17
1.0817,1000,4,17
1.3162,1025,4,17
1.1551,1050,4,17
0.82486,1075,4,17
0.92167,1100,4,17
0.9738,1125,4,17
0.76355,1150,4,17
1.1237,1175,4,17
0.87886,1200,4,17
1.1565,1225,4,17
1.4685,1250,4,17
0.92972,1275,4,17
1.3421,1300,4,17
1.0545,1325,4,17
1.1225,1350,4,17
1.1018,1375,4,17
1.0133,1400,4,17
1.3159,1425,4,17
0.98194,1450,4,17
0.88303,1475,4,17
1.3991,1500,4,17
1.2089,1525,4,17
1.0478,1550,4,17
0.97224,1575,4,17
1.1474,1600,4,17
1.3154,1625,4,17
1.2952,1650,4,17
1.0326,1675,4,17
1.0506,1700,4,17
1.1148,1725,4,17
0.85723,1750,4,17
0.9689,1775,4,17
1.2451,1800,4,17
1.7455,1825,4,17
1.5441,1850,4,17
1.4617,1875,4,17
1.2579,1900,4,17
1.6002,1925,4,17
1.1562,1950,4,17
1.1645,1975,4,17
1.3289,2000,4,17
1.3495,25,4,18
1.3217,50,4,18
1.2727,75,4,18
1.1102,100,4,18
1.2359,125,4,18
1.1116,150,4,18
1.5111,175,4,18
1.7456,200,4,18
1.4916,225,4,18
2.3059,250,4,18
1.6639,275,4,18
1.6452,300,4,18
1.5242,325,4,18
1.8935,350,4,18
2.9266,375,4,18
2.9256,400,4,18
1.6156,425,4,18
1.4182,450,4,18
1.7628,475,4,18
1.1632,500,4,18
1.2737,525,4,18
1.272,550,4,18
1.1895,575,4,18
1.1856,600,4,18
0.9666,625,4,18
1.5847,650,4,18
1.092,675,4,18
1.4809,700,4,18
1.184,725,4,18
1.0922,750,4,18
1.301,775,4,18
1.2203,800,4,18
1.0921,825,4,18
1.1833,850,4,18
0.89819,875,4,18
0.96701,900,4,18
0.86691,925,4,18
0.79395,950,4,18
0.71675,975,4,18
0.93161,1000,4,18
1.3294,1025,4,18
1.2957,1050,4,18
1.0427,1075,4,18
1.1503,1100,4,18
1.1828,1125,4,18
1.0651,1150,4,18
1.1726,1175,4,18
1.1017,1200,4,18
1.0274,1225,4,18
1.1996,1250,4,18
0.90991,1275,4,18
1.0971,1300,4,18
1.0112,1325,4,18
0.97741,1350,4,18
1.0134,1375,4,18
1.0901,1400,4,18
1.0715,1425,4,18
0.85979,1450,4,18
1.6137,1475,4,18
0.977,1500,4,18
1.0906,1525,4,18
0.99644,1550,4,18
1.2029,1575,4,18
0.8354,1600,4,18
1.0354,1625,4,18
0.80068,1650,4,18
1.1315,1675,4,18
1.1092,1700,4,18
0.89592,1725,4,18
2.0345,1750,4,18
1.3225,1775,4,18
1.5013,1800,4,18
1.2545,1825,4,18
0.89218,1850,4,18
1.2957,1875,4,18
1.1463,1900,4,18
1.5409,1925,4,18
1.047,1950,4,18
1.1273,1975,4,18
0.92024,2000,4,18
1.4417,25,4,19
1.2994,50,4,19
1.7692,75,4,19
2.55,150,4,19
1.5402,175,4,19
2.0659,200,4,19
3.6648,375,4,19
3.5059,400,4,19
1.8107,425,4,19
1.5197,450,4,19
1.471,475,4,19
1.8575,500,4,19
1.6402,525,4,19
2.0847,550,4,19
1.6097,575,4,19
1.4851,600,4,19
1.7853,625,4,19
1.8162,650,4,19
1.6472,675,4,19
1.6802,700,4,19
1.2391,725,4,19
1.4909,750,4,19
1.9634,775,4,19
1.6064,800,4,19
1.9453,825,4,19
1.5308,850,4,19
1.5162,875,4,19
1.3261,900,4,19
1.4234,925,4,19
1.437,950,4,19
1.6466,975,4,19
1.5793,1000,4,19
1.6744,1025,4,19
1.2879,1050,4,19
1.0901,1075,4,19
1.5514,1100,4,19
1.3436,1125,4,19
1.0704,1150,4,19
1.2937,1175,4,19
1.1962,1200,4,19
1.4739,1225,4,19
1.44,1250,4,19
1.4058,1275,4,19
1.6314,1300,4,19
1.6834,1325,4,19
1.5774,1350,4,19
1.3937,1375,4,19
1.289,1400,4,19
1.8497,1425,4,19
1.5566,1450,4,19
1.6175,1475,4,19
1.6723,1500,4,19
1.3693,1525,4,19
1.3323,1550,4,19
1.7561,1575,4,19
1.3485,1600,4,19
2.039,1625,4,19
1.6724,1650,4,19
1.1798,1675,4,19
1.4529,1700,4,19
1.7678,1725,4,19
1.7628,1750,4,19
2.0306,1775,4,19
1.6715,1800,4,19
1.6633,1825,4,19
1.638,1850,4,19
1.6953,1875,4,19
1.9613,1900,4,19
1.6729,1925,4,19
1.5628,1950,4,19
1.5948,1975,4,19
1.4604,2000,4,19
2.3438,25,4,20
0.9481,50,4,20
1.0128,75,4,20
1.0199,100,4,20
0.98321,125,4,20
0.95977,150,4,20
0.83675,175,4,20
1.0245,200,4,20
1.0506,225,4,20
0.97,250,4,20
1.1036,275,4,20
0.91296,300,4,20
0.92902,325,4,20
1.0557,350,4,20
0.9413,375,4,20
0.99104,400,4,20
1.0514,425,4,20
1.1043,450,4,20
0.9539,475,4,20
0.94465,500,4,20
0.82675,525,4,20
0.8852,550,4,20
0.96352,575,4,20
0.83944,600,4,20
0.83699,625,4,20
1.1038,650,4,20
0.84842,675,4,20
1.019,700,4,20
0.96447,725,4,20
0.93184,750,4,20
0.98403,775,4,20
0.77965,800,4,20
1.0395,825,4,20
0.91434,850,4,20
1.0992,875,4,20
0.99384,900,4,20
0.87386,925,4,20
0.6921,950,4,20
0.74818,975,4,20
0.90256,1000,4,20
0.86321,1025,4,20
0.74185,1050,4,20
0.71757,1075,4,20
0.72891,1100,4,20
0.8419,1125,4,20
0.67173,1150,4,20
0.71776,1175,4,20
0.71693,1200,4,20
0.89992,1225,4,20
0.81768,1250,4,20
0.89069,1275,4,20
0.83833,1300,4,20
0.58605,1325,4,20
0.93771,1350,4,20
0.78063,1375,4,20
0.74198,1400,4,20
0.95345,1425,4,20
0.75916,1450,4,20
0.73547,1475,4,20
0.88769,1500,4,20
0.61214,1525,4,20
0.83303,1550,4,20
0.55731,1575,4,20
1.0152,1600,4,20
0.80675,1625,4,20
0.76805,1650,4,20
0.794,1675,4,20
0.88569,1700,4,20
0.95181,1725,4,20
0.81526,1750,4,20
0.95153,1775,4,20
0.56078,1800,4,20
0.88208,1825,4,20
0.88102,1850,4,20
0.92551,1875,4,20
1.2463,1900,4,20
1.0166,1925,4,20
0.81882,1950,4,20
0.76217,1975,4,20
0.66957,2000,4,20
