0.16832,1,NaN,1
-0.42261,1,NaN,2
0.63742,1,NaN,3
-0.17557,1,NaN,4
0.69675,1,NaN,5
0.090111,1,NaN,6
-0.12888,1,NaN,7
-0.13201,1,NaN,8
-0.52742,1,NaN,9
-0.58148,1,NaN,10
-0.23665,1,NaN,11
0.07807,1,NaN,12
0.098643,1,NaN,13
0.15482,1,NaN,14
-0.172,1,NaN,15
-0.025266,1,NaN,16
-0.30651,1,NaN,17
-0.94718,1,NaN,18
-0.065437,1,NaN,19
0.35912,1,NaN,20
-0.4301,1,NaN,21
0.031534,2,NaN,22
-0.13125,2,NaN,23
-0.33675,2,NaN,24
0.07988,2,NaN,25
0.15801,2,NaN,26
0.30118,2,NaN,28
0.42584,2,NaN,29
0.3002,2,NaN,30
-0.067705,2,NaN,31
-0.16129,2,NaN,32
-0.32874,2,NaN,33
0.65545,2,NaN,34
-0.73642,2,NaN,35
0.42626,2,NaN,36
0.24302,2,NaN,37
-0.081467,2,NaN,38
-0.27211,2,NaN,39
0.1276,2,NaN,40
-0.031293,2,NaN,41
-0.069811,3,NaN,42
0.19454,3,NaN,43
0.21133,3,NaN,44
0.12931,3,NaN,45
0.24312,3,NaN,46
-0.040244,3,NaN,47
-0.020063,3,NaN,48
0.29712,3,NaN,49
0.19791,3,NaN,50
0.090189,3,NaN,51
0.19651,3,NaN,52
0.11417,3,NaN,53
0.2307,3,NaN,54
0.28277,3,NaN,55
-0.71693,3,NaN,56
0.081938,3,NaN,57
-0.10377,3,NaN,58
0.12616,3,NaN,59
-0.050191,3,NaN,60
-0.016816,3,NaN,61
0.0035877,4,NaN,62
0.070265,4,NaN,63
0.073547,4,NaN,64
0.31288,4,NaN,65
0.093104,4,NaN,66
-0.00024657,4,NaN,67
0.36516,4,NaN,68
-0.067024,4,NaN,69
0.138,4,NaN,70
-0.049085,4,NaN,71
0.14988,4,NaN,72
0.27525,4,NaN,73
0.20646,4,NaN,74
0.16267,4,NaN,75
-0.026324,4,NaN,76
0.076977,4,NaN,77
-0.026582,4,NaN,78
0.29074,4,NaN,79
0.28822,4,NaN,80
0.30817,4,NaN,81
