0.16832,1,NaN,1
-0.36984,1,NaN,2
0.65187,1,NaN,3
-0.17557,1,NaN,4
0.69675,1,NaN,5
0.12442,1,NaN,6
-0.097472,1,NaN,7
-0.13201,1,NaN,8
-0.52742,1,NaN,9
-0.57872,1,NaN,10
-0.21857,1,NaN,11
0.07807,1,NaN,12
0.10809,1,NaN,13
0.15482,1,NaN,14
-0.172,1,NaN,15
-0.025266,1,NaN,16
-0.27859,1,NaN,17
-0.94718,1,NaN,18
-0.065437,1,NaN,19
0.35912,1,NaN,20
-0.39969,1,NaN,21
-0.17423,2,NaN,22
-0.1418,2,NaN,23
-0.34347,2,NaN,24
0.12132,2,NaN,25
0.15801,2,NaN,26
0.36281,2,NaN,28
0.41183,2,NaN,29
0.31795,2,NaN,30
-0.07112,2,NaN,31
-0.16129,2,NaN,32
-0.32874,2,NaN,33
0.52655,2,NaN,34
-0.83046,2,NaN,35
0.18571,2,NaN,36
0.23501,2,NaN,37
-0.014933,2,NaN,38
-0.27326,2,NaN,39
0.1276,2,NaN,40
-0.28624,2,NaN,41
-0.19854,3,NaN,42
0.16507,3,NaN,43
0.17338,3,NaN,44
0.14233,3,NaN,45
0.18915,3,NaN,46
-0.084748,3,NaN,47
-0.14962,3,NaN,48
0.296,3,NaN,49
0.21246,3,NaN,50
0.017468,3,NaN,51
0.16925,3,NaN,52
0.083439,3,NaN,53
0.1503,3,NaN,54
0.30918,3,NaN,55
-0.65437,3,NaN,56
0.049439,3,NaN,57
-0.10377,3,NaN,58
0.044391,3,NaN,59
-0.055908,3,NaN,60
-0.10067,3,NaN,61
-0.05612,4,NaN,62
0.028346,4,NaN,63
-0.063503,4,NaN,64
0.30909,4,NaN,65
0.040282,4,NaN,66
0.07192,4,NaN,67
0.050573,4,NaN,68
-0.13447,4,NaN,69
-0.056604,4,NaN,70
-0.30463,4,NaN,71
-0.051227,4,NaN,72
0.27525,4,NaN,73
0.077887,4,NaN,74
-0.2241,4,NaN,75
-0.099205,4,NaN,76
-0.008204,4,NaN,77
-0.073854,4,NaN,78
0.2497,4,NaN,79
0.15051,4,NaN,80
0.2282,4,NaN,81
