1.5421,25,1,1
1.3011,50,1,1
1.2684,75,1,1
1.3284,100,1,1
1.5777,125,1,1
1.4872,150,1,1
1.2334,175,1,1
1.0662,200,1,1
1.8339,25,1,2
1.7542,50,1,2
1.7811,75,1,2
1.4132,100,1,2
1.2769,125,1,2
0.97711,150,1,2
1.2976,175,1,2
1.312,200,1,2
1.2879,25,1,3
1.1537,50,1,3
1.2535,75,1,3
1.8093,100,1,3
1.8727,125,1,3
1.3422,150,1,3
1.6483,175,1,3
1.7379,200,1,3
1.4581,25,1,4
1.7373,50,1,4
1.4515,75,1,4
1.529,100,1,4
1.3087,125,1,4
1.1445,150,1,4
1.2724,175,1,4
1.2479,200,1,4
1.3084,25,1,5
1.3906,50,1,5
0.97894,75,1,5
2.0946,100,1,5
1.6684,125,1,5
1.3862,150,1,5
1.7074,175,1,5
1.3205,200,1,5
3.0453,25,1,6
1.1176,50,1,6
1.766,75,1,6
1.7052,100,1,6
1.3585,125,1,6
1.5777,150,1,6
1.5067,175,1,6
1.4787,200,1,6
2.6885,25,1,7
1.7866,50,1,7
1.742,75,1,7
1.6153,100,1,7
1.6556,125,1,7
2.5707,150,1,7
2.6714,175,1,7
1.9825,200,1,7
2.0581,25,1,8
1.7905,50,1,8
1.7226,75,1,8
1.5227,100,1,8
1.7264,125,1,8
1.5415,150,1,8
1.6894,175,1,8
1.4525,200,1,8
2.2832,25,1,9
1.8428,75,1,9
0.91766,100,1,9
1.713,125,1,9
1.2007,150,1,9
1.8944,25,1,10
1.2105,50,1,10
2.0348,75,1,10
0.97026,100,1,10
1.1121,125,1,10
1.4929,150,1,10
1.0104,175,1,10
1.1105,200,1,10
1.8218,25,1,11
1.2797,50,1,11
1.3431,75,1,11
1.2297,100,1,11
0.91982,125,1,11
0.91239,150,1,11
1.2153,175,1,11
1.2371,200,1,11
1.4732,25,1,12
1.632,50,1,12
1.3726,75,1,12
1.5818,100,1,12
1.5789,125,1,12
1.3338,150,1,12
1.0519,175,1,12
1.2281,200,1,12
1.9564,25,1,13
0.97646,50,1,13
1.0758,75,1,13
1.1612,100,1,13
1.0883,125,1,13
1.1066,150,1,13
1.1239,175,1,13
1.1185,200,1,13
1.0937,25,1,14
1.3099,50,1,14
1.1984,75,1,14
1.5622,100,1,14
1.2557,125,1,14
1.0205,150,1,14
1.1603,175,1,14
1.1244,200,1,14
1.2443,25,1,15
1.945,50,1,15
1.3358,75,1,15
1.4184,100,1,15
1.5184,125,1,15
1.5728,150,1,15
1.1068,175,1,15
1.8941,200,1,15
1.4782,25,1,16
1.789,50,1,16
1.6907,75,1,16
2.2867,100,1,16
1.1425,125,1,16
1.8192,150,1,16
1.7724,175,1,16
1.8393,200,1,16
1.2455,25,1,17
1.8065,50,1,17
1.3705,75,1,17
1.4687,100,1,17
1.0954,125,1,17
1.5302,150,1,17
1.7205,175,1,17
1.6733,200,1,17
1.9513,25,1,18
3.0561,50,1,18
1.9131,75,1,18
1.2849,100,1,18
1.79,125,1,18
2.1113,150,1,18
1.6293,175,1,18
1.461,200,1,18
1.7887,25,1,19
1.8216,50,1,19
2.0918,75,1,19
1.5624,100,1,19
2.2201,125,1,19
1.5976,150,1,19
1.7283,175,1,19
2.1256,200,1,19
2.368,25,1,20
1.167,50,1,20
2.3241,75,1,20
1.4651,100,1,20
2.7443,125,1,20
1.8567,150,1,20
1.7062,200,1,20
1.2479,25,1,21
2.0792,50,1,21
2.4636,75,1,21
1.8081,100,1,21
1.8746,125,1,21
2.1246,150,1,21
2.062,175,1,21
1.6834,200,1,21
1.7681,25,2,1
1.2919,50,2,1
1.3395,75,2,1
1.2586,100,2,1
1.6503,125,2,1
1.6061,150,2,1
1.2332,175,2,1
0.91157,200,2,1
0.99653,225,2,1
1.0449,250,2,1
1.0554,275,2,1
0.99249,300,2,1
0.88905,325,2,1
0.82163,350,2,1
0.71611,375,2,1
0.78833,400,2,1
1.2582,425,2,1
0.73671,450,2,1
0.9249,475,2,1
0.96342,500,2,1
0.76126,525,2,1
0.88016,550,2,1
0.72589,575,2,1
0.7332,600,2,1
0.79519,625,2,1
0.88803,650,2,1
0.75351,675,2,1
0.60705,700,2,1
0.56695,725,2,1
0.76553,750,2,1
0.74009,775,2,1
0.72017,800,2,1
0.80914,825,2,1
0.58441,850,2,1
0.62092,875,2,1
0.71244,900,2,1
0.69201,925,2,1
0.57539,950,2,1
0.62798,975,2,1
0.61521,1000,2,1
1.1307,25,2,2
1.3148,50,2,2
1.3939,75,2,2
1.6164,100,2,2
1.5585,125,2,2
1.1114,150,2,2
1.2479,175,2,2
1.3369,200,2,2
1.6162,225,2,2
1.7798,250,2,2
1.5706,275,2,2
1.8307,300,2,2
1.2386,325,2,2
0.96363,350,2,2
0.88798,375,2,2
0.83327,400,2,2
1.4018,425,2,2
1.2679,450,2,2
1.4822,475,2,2
1.3592,500,2,2
1.1283,525,2,2
1.4249,550,2,2
1.1786,575,2,2
1.159,600,2,2
1.3278,625,2,2
1.2576,650,2,2
1.0589,675,2,2
1.2903,700,2,2
1.3966,725,2,2
1.0988,750,2,2
1.0762,775,2,2
0.90867,800,2,2
0.94235,825,2,2
0.93964,850,2,2
0.85005,875,2,2
0.91803,900,2,2
1.0966,925,2,2
0.89597,950,2,2
0.87499,975,2,2
0.99692,1000,2,2
1.9356,25,2,3
1.6197,50,2,3
1.3408,75,2,3
2.0601,100,2,3
1.3138,125,2,3
1.9596,150,2,3
1.3605,175,2,3
1.1989,200,2,3
1.9137,225,2,3
0.9563,250,2,3
1.7778,275,2,3
1.4014,300,2,3
1.471,325,2,3
1.9943,350,2,3
1.6818,375,2,3
1.6357,400,2,3
1.9307,425,2,3
1.7243,450,2,3
1.1199,475,2,3
0.99109,500,2,3
1.1796,525,2,3
1.776,550,2,3
1.86,575,2,3
1.5325,600,2,3
1.6369,625,2,3
1.5057,650,2,3
1.3526,675,2,3
1.494,700,2,3
1.5462,725,2,3
1.4385,750,2,3
1.401,775,2,3
2.2177,800,2,3
1.8576,825,2,3
2.0053,850,2,3
1.4459,875,2,3
1.0859,900,2,3
1.3276,925,2,3
1.2925,950,2,3
1.5933,975,2,3
1.5203,1000,2,3
1.1549,25,2,4
1.1805,50,2,4
0.87642,75,2,4
1.0096,100,2,4
1.1899,125,2,4
1.1144,150,2,4
0.68918,175,2,4
0.8968,225,2,4
1.0585,250,2,4
0.79253,275,2,4
0.82574,300,2,4
0.90091,325,2,4
0.6741,350,2,4
0.61763,375,2,4
0.9191,400,2,4
1.0806,425,2,4
0.748,450,2,4
0.61041,475,2,4
0.87007,500,2,4
0.6481,525,2,4
0.78451,550,2,4
0.89064,575,2,4
0.7542,600,2,4
1.2299,625,2,4
0.8111,650,2,4
0.6313,675,2,4
0.76974,700,2,4
0.76793,725,2,4
0.67786,750,2,4
0.67762,775,2,4
0.80287,800,2,4
0.70316,825,2,4
0.5755,850,2,4
0.66922,875,2,4
0.62803,900,2,4
0.63272,925,2,4
0.5757,950,2,4
0.62715,975,2,4
0.52657,1000,2,4
3.0266,25,2,5
1.1437,50,2,5
1.7053,75,2,5
1.4214,100,2,5
1.4448,125,2,5
1.3617,150,2,5
1.0818,175,2,5
1.161,200,2,5
1.16,225,2,5
1.0961,250,2,5
1.2615,275,2,5
1.066,300,2,5
0.91905,325,2,5
1.0234,350,2,5
1.1677,375,2,5
1.3536,425,2,5
0.95695,450,2,5
1.0247,475,2,5
1.1996,500,2,5
1.0981,525,2,5
1.1745,550,2,5
1.0846,575,2,5
1.3187,600,2,5
1.4026,625,2,5
1.1162,650,2,5
1.1059,675,2,5
1.0464,700,2,5
1.0284,725,2,5
1.0248,750,2,5
0.96709,775,2,5
1.0505,800,2,5
1.1665,825,2,5
1.3059,850,2,5
1.1697,875,2,5
1.1581,900,2,5
1.1193,925,2,5
1.1556,950,2,5
0.98173,975,2,5
1.0487,1000,2,5
1.6784,25,2,6
1.8523,50,2,6
1.5991,75,2,6
1.9104,100,2,6
1.6807,125,2,6
1.3144,150,2,6
1.8897,175,2,6
2.5598,225,2,6
2.3132,300,2,6
2.1841,525,2,6
2.1391,575,2,6
0.90396,600,2,6
2.1859,650,2,6
1.7386,800,2,6
2.4472,850,2,6
2.2514,875,2,6
1.5622,900,2,6
1.9485,950,2,6
2.1095,1000,2,6
1.8636,25,2,7
2.1336,50,2,7
1.5313,75,2,7
1.3487,100,2,7
1.4373,125,2,7
0.90638,150,2,7
1.0271,175,2,7
1.0261,200,2,7
1.3589,225,2,7
1.1465,250,2,7
1.2575,275,2,7
1.4146,300,2,7
1.0697,325,2,7
1.214,350,2,7
0.9484,375,2,7
0.92807,400,2,7
1.0679,425,2,7
0.90828,450,2,7
0.86167,475,2,7
1.1023,500,2,7
1.27,525,2,7
1.3134,550,2,7
1.0107,575,2,7
0.93936,600,2,7
1.0031,625,2,7
0.90687,650,2,7
0.74583,675,2,7
0.89612,700,2,7
1.0391,725,2,7
0.85379,750,2,7
0.87112,775,2,7
0.8354,800,2,7
0.99757,825,2,7
0.90075,850,2,7
0.92536,875,2,7
0.76089,900,2,7
0.73523,925,2,7
0.72181,950,2,7
0.759,975,2,7
0.66758,1000,2,7
1.4118,25,2,8
1.4531,50,2,8
1.7106,75,2,8
1.4171,100,2,8
1.6898,125,2,8
1.7159,150,2,8
1.2925,175,2,8
1.2786,200,2,8
1.9802,225,2,8
1.7081,250,2,8
1.0781,275,2,8
1.2141,300,2,8
1.2256,325,2,8
1.3625,350,2,8
1.0184,375,2,8
1.0273,400,2,8
1.3581,425,2,8
1.0122,450,2,8
1.1675,475,2,8
1.5471,500,2,8
1.4843,525,2,8
1.5236,550,2,8
1.365,575,2,8
1.4258,600,2,8
1.3519,625,2,8
1.0736,650,2,8
1.1867,675,2,8
1.3955,700,2,8
1.0748,725,2,8
1.2696,750,2,8
0.83761,775,2,8
1.1383,800,2,8
1.1251,825,2,8
0.80026,850,2,8
0.71761,875,2,8
0.69359,900,2,8
0.82757,925,2,8
0.67839,950,2,8
0.81455,975,2,8
0.76411,1000,2,8
1.4561,25,2,9
1.4141,50,2,9
1.0762,75,2,9
1.0515,100,2,9
1.2203,125,2,9
1.4483,150,2,9
1.7484,175,2,9
1.4269,200,2,9
1.5897,225,2,9
1.2113,250,2,9
1.2363,275,2,9
0.91826,300,2,9
1.1677,325,2,9
1.3055,350,2,9
1.5374,375,2,9
1.0234,400,2,9
1.2315,425,2,9
0.94522,450,2,9
1.0389,475,2,9
1.0808,500,2,9
1.5038,525,2,9
1.349,550,2,9
1.2199,575,2,9
1.458,600,2,9
1.2601,625,2,9
0.92176,650,2,9
0.85226,675,2,9
0.84729,700,2,9
0.8112,725,2,9
1.0132,750,2,9
0.70699,775,2,9
0.79587,800,2,9
1.0091,825,2,9
0.71999,850,2,9
0.74733,875,2,9
0.87535,900,2,9
0.80272,925,2,9
0.68444,950,2,9
0.65847,975,2,9
0.82627,1000,2,9
1.368,25,2,10
1.5181,50,2,10
1.2891,75,2,10
1.0648,100,2,10
1.0055,125,2,10
1.1351,150,2,10
1.2436,175,2,10
1.2938,200,2,10
1.1985,225,2,10
1.4508,250,2,10
1.3644,275,2,10
1.2413,300,2,10
1.1073,325,2,10
1.3919,350,2,10
1.6252,375,2,10
1.1408,400,2,10
1.7005,425,2,10
1.5708,450,2,10
1.5486,475,2,10
1.4627,500,2,10
1.5214,525,2,10
1.3472,550,2,10
1.8915,575,2,10
1.3512,600,2,10
1.4608,625,2,10
1.3489,650,2,10
1.1582,675,2,10
1.6423,700,2,10
1.1825,725,2,10
1.095,750,2,10
1.1306,775,2,10
1.5873,800,2,10
1.4272,825,2,10
1.4247,850,2,10
1.2524,875,2,10
1.3369,900,2,10
1.4934,925,2,10
1.0882,950,2,10
1.6213,975,2,10
1.2331,1000,2,10
1.6814,25,2,11
1.5224,50,2,11
1.4697,75,2,11
1.6271,100,2,11
2.0833,125,2,11
1.6925,150,2,11
1.2606,175,2,11
1.5616,200,2,11
1.363,225,2,11
1.3231,250,2,11
1.4059,275,2,11
1.7807,300,2,11
0.81749,325,2,11
1.0865,350,2,11
0.92116,375,2,11
1.1739,400,2,11
1.2516,425,2,11
1.4301,450,2,11
1.6725,475,2,11
1.1876,500,2,11
1.5924,525,2,11
1.2009,550,2,11
1.2598,575,2,11
1.5502,600,2,11
1.3988,625,2,11
1.6027,650,2,11
1.3936,675,2,11
1.2802,700,2,11
1.1524,725,2,11
1.56,750,2,11
1.3313,775,2,11
1.2977,800,2,11
1.1956,825,2,11
1.0193,850,2,11
1.1722,875,2,11
1.1617,900,2,11
0.84584,925,2,11
0.92516,950,2,11
0.90945,975,2,11
0.92374,1000,2,11
1.5514,25,2,12
1.9342,50,2,12
1.3207,75,2,12
2.165,100,2,12
1.9528,125,2,12
1.7466,150,2,12
1.5869,175,2,12
1.4124,200,2,12
2.0205,225,2,12
1.3313,250,2,12
2.3539,275,2,12
1.8153,300,2,12
0.77258,325,2,12
2.0712,350,2,12
1.6548,375,2,12
1.167,400,2,12
2.2536,425,2,12
1.7007,450,2,12
2.0359,475,2,12
1.082,500,2,12
1.9972,525,2,12
2.1314,550,2,12
1.8432,575,2,12
1.385,625,2,12
1.597,650,2,12
2.4332,675,2,12
1.511,700,2,12
1.4484,725,2,12
1.7618,750,2,12
1.4409,775,2,12
1.8415,825,2,12
1.8381,850,2,12
1.1328,875,2,12
1.3146,900,2,12
1.4651,25,2,13
0.96881,50,2,13
1.6544,75,2,13
1.1183,100,2,13
1.3283,125,2,13
1.0097,150,2,13
1.091,175,2,13
1.1295,200,2,13
1.0788,225,2,13
1.4669,250,2,13
1.2469,275,2,13
1.2874,300,2,13
1.3449,325,2,13
1.427,350,2,13
1.4281,375,2,13
1.2969,400,2,13
1.4249,425,2,13
0.96087,450,2,13
1.6794,475,2,13
2.0898,500,2,13
1.8614,525,2,13
2.2332,550,2,13
1.5926,575,2,13
1.2516,600,2,13
1.2156,625,2,13
0.83969,650,2,13
1.128,675,2,13
1.1197,700,2,13
1.0039,725,2,13
0.89977,750,2,13
0.96613,775,2,13
0.84723,800,2,13
0.8831,825,2,13
1.1707,850,2,13
1.1136,875,2,13
1.1036,900,2,13
1.0019,925,2,13
0.73754,950,2,13
0.83061,975,2,13
0.66694,1000,2,13
2.4498,25,2,14
2.2555,50,2,14
1.5016,75,2,14
1.8361,100,2,14
1.7188,125,2,14
2.0552,150,2,14
1.5919,175,2,14
1.5938,200,2,14
1.8584,225,2,14
1.6617,250,2,14
1.7516,275,2,14
1.7292,300,2,14
1.7294,325,2,14
1.3266,350,2,14
1.8679,375,2,14
1.6022,400,2,14
2.2359,425,2,14
2.3174,450,2,14
1.7557,475,2,14
1.3219,500,2,14
1.2784,525,2,14
1.5945,550,2,14
1.8225,575,2,14
1.6482,600,2,14
1.3366,625,2,14
1.1243,650,2,14
1.3386,675,2,14
1.0792,700,2,14
1.191,725,2,14
1.442,750,2,14
1.3252,775,2,14
1.2457,800,2,14
2.0437,825,2,14
2.0751,850,2,14
2.0437,875,2,14
1.9055,900,2,14
1.3815,925,2,14
1.214,950,2,14
1.3552,975,2,14
1.8395,1000,2,14
2.2464,50,2,15
0.72812,75,2,15
2.0911,100,2,15
1.5244,125,2,15
2.6443,175,2,15
1.085,200,2,15
1.0691,225,2,15
1.3059,250,2,15
1.5627,275,2,15
0.98483,300,2,15
1.4852,325,2,15
1.0815,350,2,15
1.0922,375,2,15
0.94628,400,2,15
1.0866,425,2,15
1.0636,450,2,15
0.89732,475,2,15
1.5139,500,2,15
1.2996,525,2,15
1.349,550,2,15
1.8248,575,2,15
1.4079,600,2,15
1.2353,625,2,15
1.2403,650,2,15
1.0181,675,2,15
1.1527,700,2,15
1.328,725,2,15
1.2083,750,2,15
1.2084,775,2,15
1.5123,800,2,15
1.1874,825,2,15
1.0148,850,2,15
1.0872,875,2,15
0.76328,900,2,15
1.0815,925,2,15
1.405,950,2,15
2.0714,975,2,15
2.455,1000,2,15
1.421,25,2,16
1.7685,50,2,16
2.1792,75,2,16
1.1036,100,2,16
1.8283,125,2,16
1.0747,150,2,16
1.071,175,2,16
1.2049,200,2,16
1.2769,225,2,16
0.91447,250,2,16
1.0114,275,2,16
1.0708,300,2,16
1.1682,325,2,16
1.4413,350,2,16
1.0735,375,2,16
1.2053,400,2,16
1.4565,425,2,16
0.99019,450,2,16
1.1325,475,2,16
1.2942,500,2,16
1.3146,525,2,16
1.0515,550,2,16
1.387,575,2,16
1.0229,600,2,16
1.2817,625,2,16
1.0077,650,2,16
1.1963,675,2,16
1.2708,700,2,16
1.1588,725,2,16
1.2238,750,2,16
1.2047,775,2,16
1.1371,800,2,16
1.2128,825,2,16
1.3674,850,2,16
1.1956,875,2,16
1.1216,900,2,16
1.1946,925,2,16
1.2887,950,2,16
1.1384,975,2,16
1.4512,1000,2,16
1.763,25,2,17
1.5442,50,2,17
1.3986,75,2,17
1.3969,100,2,17
1.9689,125,2,17
1.3247,150,2,17
1.1585,175,2,17
1.2388,200,2,17
1.0394,225,2,17
1.1177,250,2,17
1.4334,275,2,17
1.1614,300,2,17
1.0144,325,2,17
1.1089,350,2,17
0.91556,375,2,17
1.066,400,2,17
1.3987,425,2,17
1.1786,450,2,17
1.1702,475,2,17
1.3092,500,2,17
0.8767,525,2,17
1.4785,550,2,17
1.7737,575,2,17
0.99281,600,2,17
1.4939,625,2,17
1.41,650,2,17
0.92319,675,2,17
0.91979,700,2,17
0.80721,725,2,17
1.2861,750,2,17
1.0602,775,2,17
1.0357,800,2,17
1.5346,825,2,17
1.0675,850,2,17
1.192,875,2,17
1.1327,900,2,17
1.4914,925,2,17
0.87374,950,2,17
1.0966,975,2,17
0.99703,1000,2,17
2.2022,25,2,18
1.6197,50,2,18
1.7035,75,2,18
1.8099,100,2,18
1.6825,125,2,18
1.7071,150,2,18
1.9115,175,2,18
1.1634,200,2,18
1.4599,225,2,18
1.3073,250,2,18
1.2212,275,2,18
0.94255,300,2,18
0.81267,325,2,18
0.82039,350,2,18
0.79607,375,2,18
1.0797,400,2,18
1.1621,425,2,18
1.4871,450,2,18
1.2945,475,2,18
1.1564,500,2,18
1.081,525,2,18
0.92823,550,2,18
1.0453,575,2,18
0.79869,600,2,18
1.234,625,2,18
0.94375,650,2,18
0.76538,675,2,18
0.82184,700,2,18
0.84516,725,2,18
0.7464,750,2,18
0.78279,775,2,18
0.9142,800,2,18
0.94327,825,2,18
0.93056,850,2,18
0.92296,875,2,18
0.85283,900,2,18
0.96679,925,2,18
0.79316,950,2,18
0.82798,975,2,18
0.73831,1000,2,18
1.356,25,2,19
1.5911,50,2,19
1.4188,75,2,19
1.6376,100,2,19
1.47,125,2,19
1.1313,150,2,19
1.1585,175,2,19
1.4724,200,2,19
1.2252,225,2,19
1.4828,250,2,19
1.4821,275,2,19
1.2968,300,2,19
1.5349,325,2,19
1.3781,350,2,19
1.3357,375,2,19
1.1998,400,2,19
1.2075,425,2,19
1.3636,450,2,19
1.0787,475,2,19
1.3747,500,2,19
1.3228,525,2,19
1.4375,550,2,19
1.7808,575,2,19
1.2499,600,2,19
0.90431,625,2,19
1.0245,650,2,19
1.1773,675,2,19
1.2637,700,2,19
1.1919,725,2,19
1.2231,750,2,19
1.2835,775,2,19
1.1943,800,2,19
0.9744,825,2,19
0.80145,850,2,19
0.77535,875,2,19
0.97965,900,2,19
0.88542,925,2,19
0.89531,950,2,19
0.9846,975,2,19
0.93505,1000,2,19
1.1706,25,2,20
1.2431,50,2,20
1.2026,75,2,20
1.2495,100,2,20
1.3949,125,2,20
1.105,150,2,20
1.1624,175,2,20
1.2565,200,2,20
1.7347,225,2,20
1.2732,250,2,20
1.1309,275,2,20
1.2005,300,2,20
1.4757,325,2,20
1.0391,350,2,20
1.684,375,2,20
1.0915,400,2,20
1.2069,425,2,20
1.1146,450,2,20
1.4016,475,2,20
1.3118,500,2,20
1.1418,525,2,20
1.0934,550,2,20
0.81426,575,2,20
1.098,600,2,20
0.95133,625,2,20
0.84492,650,2,20
0.89206,675,2,20
1.0933,700,2,20
0.95069,725,2,20
1.1359,750,2,20
1.2657,775,2,20
1.1407,800,2,20
1.0748,825,2,20
0.93243,850,2,20
1.2944,875,2,20
1.1013,900,2,20
0.92571,925,2,20
1.168,950,2,20
0.80736,975,2,20
0.93912,1000,2,20
1.1535,25,3,1
1.3714,50,3,1
1.4708,75,3,1
1.5426,100,3,1
1.3452,125,3,1
1.8174,150,3,1
1.2207,175,3,1
1.2987,200,3,1
1.5361,225,3,1
1.3965,250,3,1
1.4045,275,3,1
1.1893,300,3,1
1.0475,325,3,1
0.93138,350,3,1
1.1429,375,3,1
1.0703,400,3,1
1.3455,425,3,1
0.98094,450,3,1
0.96221,475,3,1
0.9233,500,3,1
0.84984,525,3,1
0.88166,550,3,1
1.0072,575,3,1
1.0048,600,3,1
1.2413,625,3,1
0.9644,650,3,1
0.8855,675,3,1
1.0952,700,3,1
0.95417,725,3,1
1.0148,750,3,1
0.94099,775,3,1
0.86233,800,3,1
0.81465,825,3,1
0.99425,850,3,1
1.1446,875,3,1
0.98986,900,3,1
1.0094,925,3,1
0.91935,950,3,1
1.0181,975,3,1
1.0258,1000,3,1
2.2627,25,3,2
2.5721,50,3,2
2.5885,75,3,2
2.447,100,3,2
2.2855,175,3,2
2.6677,200,3,2
2.7356,225,3,2
1.542,250,3,2
1.8015,275,3,2
1.9912,300,3,2
1.9537,325,3,2
2.1915,350,3,2
1.1853,375,3,2
1.8863,425,3,2
1.5021,450,3,2
1.4439,475,3,2
2.1224,500,3,2
2.0928,525,3,2
1.9649,550,3,2
1.8838,575,3,2
2.6992,600,3,2
1.625,625,3,2
1.2429,650,3,2
1.1226,675,3,2
1.4537,700,3,2
2.602,725,3,2
2.615,750,3,2
2.5981,775,3,2
1.9751,800,3,2
1.4101,825,3,2
1.0853,850,3,2
1.4991,875,3,2
1.5775,900,3,2
1.396,925,3,2
1.686,950,3,2
1.2912,975,3,2
1.3461,1000,3,2
1.4507,25,3,3
1.5593,50,3,3
1.862,75,3,3
1.2168,100,3,3
1.8008,125,3,3
1.2345,150,3,3
1.8879,175,3,3
0.96973,200,3,3
2.2641,225,3,3
2.014,250,3,3
2.4034,350,3,3
1.6363,450,3,3
1.9354,475,3,3
2.2913,500,3,3
1.9659,525,3,3
2.0626,550,3,3
1.9716,575,3,3
2.1606,600,3,3
2.6694,625,3,3
1.8763,650,3,3
2.4877,825,3,3
1.6381,875,3,3
1.8577,900,3,3
1.8413,925,3,3
2.3062,950,3,3
1.6543,975,3,3
1.9495,1000,3,3
3.4267,25,3,4
1.7916,50,3,4
1.5956,75,3,4
1.8211,100,3,4
1.327,125,3,4
1.3975,150,3,4
1.3169,175,3,4
1.4688,200,3,4
1.2082,225,3,4
0.90561,250,3,4
0.77671,275,3,4
0.92814,300,3,4
0.73563,325,3,4
0.8298,350,3,4
0.98667,375,3,4
0.93369,400,3,4
1.0832,425,3,4
0.76745,450,3,4
0.88667,475,3,4
0.93762,500,3,4
0.92182,525,3,4
0.91566,550,3,4
1.1797,575,3,4
0.82,600,3,4
1.0094,625,3,4
1.0033,650,3,4
0.91246,675,3,4
0.91818,700,3,4
0.89816,725,3,4
0.98432,750,3,4
0.96982,775,3,4
0.90103,800,3,4
0.78573,825,3,4
0.89504,850,3,4
0.8651,875,3,4
0.98293,900,3,4
1.0358,925,3,4
0.80455,950,3,4
0.69609,975,3,4
0.85396,1000,3,4
1.1185,25,3,5
0.93187,50,3,5
0.82854,75,3,5
0.85692,100,3,5
0.89856,125,3,5
0.87401,150,3,5
1.1185,175,3,5
0.91626,200,3,5
0.89968,225,3,5
0.80747,250,3,5
0.70529,275,3,5
0.92723,300,3,5
0.79068,325,3,5
0.8181,350,3,5
0.98155,375,3,5
0.92726,400,3,5
0.88032,425,3,5
0.78743,450,3,5
0.81281,475,3,5
0.80359,500,3,5
0.95205,525,3,5
0.86111,550,3,5
0.92536,575,3,5
0.81258,600,3,5
0.82872,625,3,5
0.8767,650,3,5
0.76261,675,3,5
0.74551,700,3,5
0.85742,725,3,5
0.8962,750,3,5
0.82222,775,3,5
0.84236,800,3,5
0.79972,825,3,5
0.68751,850,3,5
0.81671,875,3,5
1.0382,900,3,5
0.95226,925,3,5
0.88086,950,3,5
0.6632,975,3,5
0.77688,1000,3,5
1.4668,25,3,6
1.5143,50,3,6
1.4422,75,3,6
1.3806,100,3,6
1.3555,125,3,6
1.3225,150,3,6
1.2287,175,3,6
1.4291,200,3,6
1.3298,225,3,6
1.0614,250,3,6
1.2416,275,3,6
1.1833,300,3,6
0.8929,325,3,6
1.0142,350,3,6
1.0184,375,3,6
1.0365,400,3,6
1.0598,425,3,6
0.9188,450,3,6
0.86033,475,3,6
0.87559,500,3,6
0.72771,525,3,6
1.2293,550,3,6
0.83792,575,3,6
0.93584,600,3,6
0.97954,625,3,6
0.96459,650,3,6
0.97901,675,3,6
0.93641,700,3,6
0.87318,725,3,6
0.88032,750,3,6
1.1837,775,3,6
0.86418,800,3,6
0.80453,825,3,6
0.95279,850,3,6
0.92591,875,3,6
0.88711,900,3,6
0.91111,925,3,6
0.77034,950,3,6
0.86658,975,3,6
0.64186,1000,3,6
1.6633,25,3,7
1.5818,50,3,7
1.7504,75,3,7
1.7361,100,3,7
1.5127,125,3,7
1.6374,150,3,7
1.7121,175,3,7
1.511,200,3,7
1.1879,225,3,7
1.0515,250,3,7
1.175,275,3,7
1.1514,300,3,7
1.1139,325,3,7
1.2648,350,3,7
1.084,375,3,7
0.97575,400,3,7
1.0605,425,3,7
0.89479,450,3,7
1.1129,475,3,7
0.8795,500,3,7
1.1298,525,3,7
0.90405,550,3,7
0.90706,575,3,7
1.1703,600,3,7
1.2119,625,3,7
1.071,650,3,7
1.0225,675,3,7
1.0174,700,3,7
0.89231,725,3,7
0.92632,750,3,7
1.0274,775,3,7
1.0556,800,3,7
1.1669,825,3,7
1.1679,850,3,7
1.0502,875,3,7
1.1264,900,3,7
1.0517,925,3,7
0.97559,950,3,7
0.83051,975,3,7
1.1145,1000,3,7
1.3242,25,3,8
1.2569,50,3,8
0.93952,75,3,8
1.3643,100,3,8
1.5147,125,3,8
1.6834,150,3,8
1.5625,175,3,8
1.0148,200,3,8
1.613,225,3,8
1.0787,250,3,8
1.547,275,3,8
1.3556,300,3,8
1.1697,325,3,8
1.271,350,3,8
1.3137,375,3,8
1.2937,400,3,8
1.4543,425,3,8
1.1663,450,3,8
0.99545,475,3,8
1.0815,500,3,8
1.1559,525,3,8
1.1477,550,3,8
0.97949,575,3,8
1.0154,600,3,8
1.1132,625,3,8
1.1333,650,3,8
1.427,675,3,8
0.86604,700,3,8
1.1049,725,3,8
0.88353,750,3,8
0.94515,775,3,8
0.92305,800,3,8
1.2751,825,3,8
1.0665,850,3,8
0.94376,875,3,8
1.5007,900,3,8
1.1038,925,3,8
1.1522,950,3,8
1.0929,975,3,8
1.0432,1000,3,8
1.6378,25,3,9
1.2551,50,3,9
1.3735,75,3,9
0.95251,100,3,9
1.1161,125,3,9
1.4474,150,3,9
1.3166,175,3,9
1.0376,200,3,9
1.0269,225,3,9
1.0677,250,3,9
1.0214,275,3,9
1.4661,300,3,9
1.3379,325,3,9
1.1258,350,3,9
0.97028,375,3,9
1.054,400,3,9
1.1316,425,3,9
1.1214,450,3,9
1.0695,475,3,9
0.91475,500,3,9
0.99094,525,3,9
0.71952,550,3,9
1.0644,575,3,9
1.0014,600,3,9
0.86977,625,3,9
0.79885,650,3,9
0.80425,675,3,9
0.71172,700,3,9
0.69421,725,3,9
0.63769,750,3,9
0.72402,775,3,9
0.72021,800,3,9
0.99667,825,3,9
0.79766,850,3,9
0.77352,875,3,9
1.0063,900,3,9
0.96069,925,3,9
0.89162,950,3,9
0.77237,975,3,9
0.71732,1000,3,9
1.309,25,3,10
1.2941,50,3,10
1.3306,75,3,10
1.0158,100,3,10
1.1334,125,3,10
1.4042,150,3,10
1.359,175,3,10
1.2327,200,3,10
1.1972,225,3,10
1.2695,250,3,10
1.2336,275,3,10
1.4326,300,3,10
1.0855,325,3,10
1.2416,350,3,10
1.1431,375,3,10
1.0607,400,3,10
1.1941,425,3,10
0.95282,450,3,10
0.97964,475,3,10
0.84928,500,3,10
0.91589,525,3,10
1.0133,550,3,10
1.0595,575,3,10
0.95183,600,3,10
1.1611,625,3,10
1.0227,650,3,10
1.2259,675,3,10
0.82818,700,3,10
0.94704,725,3,10
1.0298,750,3,10
1.0591,775,3,10
1.0886,800,3,10
1.2926,825,3,10
1.0768,850,3,10
1.0553,875,3,10
1.015,900,3,10
1.2975,925,3,10
1.2144,950,3,10
1.3642,975,3,10
1.2229,1000,3,10
3.1186,25,3,11
1.7673,50,3,11
1.7264,75,3,11
1.4545,100,3,11
1.884,125,3,11
1.7214,150,3,11
2.5749,175,3,11
2.1391,200,3,11
1.9901,225,3,11
1.2848,250,3,11
1.6768,275,3,11
1.3355,300,3,11
2.4852,325,3,11
1.6427,350,3,11
1.7635,375,3,11
1.5741,400,3,11
1.579,425,3,11
1.6444,450,3,11
1.8199,475,3,11
2.0844,500,3,11
1.507,525,3,11
1.7739,550,3,11
1.5018,575,3,11
1.741,600,3,11
1.8285,625,3,11
1.7028,650,3,11
1.4975,675,3,11
1.2676,700,3,11
1.2045,725,3,11
1.5139,750,3,11
1.0435,775,3,11
1.3069,800,3,11
1.0333,825,3,11
1.418,850,3,11
1.2969,875,3,11
1.5487,900,3,11
1.5592,925,3,11
1.2949,950,3,11
0.97716,975,3,11
1.3486,1000,3,11
1.3006,25,3,12
1.4579,50,3,12
1.4911,75,3,12
1.521,100,3,12
1.3096,125,3,12
1.5229,150,3,12
1.883,175,3,12
1.2183,200,3,12
1.3529,225,3,12
1.2883,250,3,12
0.9679,275,3,12
1.1422,300,3,12
1.0341,325,3,12
1.2155,350,3,12
1.5436,375,3,12
1.0743,400,3,12
1.3914,425,3,12
1.2141,450,3,12
1.234,475,3,12
1.168,500,3,12
1.012,525,3,12
1.4445,550,3,12
1.5406,575,3,12
1.5867,600,3,12
1.3594,625,3,12
1.1924,650,3,12
1.0864,675,3,12
1.1091,700,3,12
1.2175,725,3,12
1.035,750,3,12
1.0413,775,3,12
0.93653,800,3,12
1.2287,825,3,12
1.367,850,3,12
1.0406,875,3,12
1.4801,900,3,12
1.1558,925,3,12
1.3655,950,3,12
1.2271,975,3,12
1.1968,1000,3,12
1.202,25,3,13
1.2681,50,3,13
1.3545,75,3,13
1.2878,100,3,13
1.1186,125,3,13
1.3554,150,3,13
1.555,175,3,13
1.5793,200,3,13
0.9791,225,3,13
1.417,250,3,13
1.2459,275,3,13
1.4257,300,3,13
1.0388,325,3,13
0.75663,350,3,13
1.0013,375,3,13
1.3739,400,3,13
1.3863,425,3,13
1.4941,450,3,13
1.3597,475,3,13
1.2079,500,3,13
1.3376,525,3,13
1.3844,550,3,13
1.3247,575,3,13
1.6362,600,3,13
1.4489,625,3,13
1.5535,650,3,13
1.2346,675,3,13
1.2187,700,3,13
1.2734,725,3,13
1.1983,750,3,13
1.2187,775,3,13
1.3695,800,3,13
1.8614,825,3,13
1.4526,850,3,13
1.2531,875,3,13
1.8585,900,3,13
1.3086,925,3,13
1.0614,950,3,13
1.227,975,3,13
1.4206,1000,3,13
1.5264,25,3,14
1.1579,50,3,14
0.93354,75,3,14
0.76125,100,3,14
0.97299,125,3,14
0.78322,150,3,14
0.82857,175,3,14
0.82787,200,3,14
0.98772,225,3,14
0.65595,250,3,14
0.66957,275,3,14
0.96073,300,3,14
0.71165,325,3,14
1.0978,350,3,14
0.70355,375,3,14
1.1489,400,3,14
1.0214,425,3,14
0.7725,450,3,14
0.75408,475,3,14
0.91933,500,3,14
0.71713,525,3,14
0.63568,550,3,14
0.82073,575,3,14
0.80725,600,3,14
0.57518,625,3,14
0.54719,650,3,14
0.62351,675,3,14
0.67893,700,3,14
0.72613,725,3,14
0.70289,750,3,14
0.72388,775,3,14
0.73453,800,3,14
0.6422,825,3,14
0.76541,850,3,14
0.56529,875,3,14
0.96437,900,3,14
0.93188,925,3,14
0.79081,950,3,14
0.70248,975,3,14
0.58808,1000,3,14
1.4733,25,3,15
1.181,50,3,15
0.87249,75,3,15
1.0053,100,3,15
0.86542,125,3,15
0.83547,150,3,15
0.99749,175,3,15
0.85286,200,3,15
0.87031,225,3,15
0.65837,250,3,15
0.96871,275,3,15
0.83845,300,3,15
0.67176,325,3,15
0.78821,350,3,15
0.81334,375,3,15
0.80296,400,3,15
0.96753,425,3,15
0.74771,450,3,15
0.77978,475,3,15
0.75995,500,3,15
1.6521,525,3,15
0.85422,550,3,15
0.98427,575,3,15
1.114,600,3,15
1.8122,625,3,15
0.88892,650,3,15
0.7464,675,3,15
0.78939,700,3,15
0.81177,725,3,15
1.251,750,3,15
1.0812,775,3,15
1.1979,800,3,15
1.4612,825,3,15
1.4976,850,3,15
2.0208,875,3,15
1.0366,900,3,15
1.048,925,3,15
1.7461,950,3,15
1.4709,975,3,15
1.4455,1000,3,15
1.8748,25,3,16
1.7952,50,3,16
1.4311,75,3,16
1.5806,100,3,16
2.206,125,3,16
2.8616,150,3,16
1.2634,175,3,16
1.5137,200,3,16
1.6724,225,3,16
1.3988,250,3,16
1.2964,275,3,16
1.1414,300,3,16
1.4284,325,3,16
1.0194,350,3,16
1.4078,375,3,16
1.3439,400,3,16
1.8063,425,3,16
1.0769,450,3,16
1.3477,475,3,16
1.1937,500,3,16
1.3185,525,3,16
1.305,550,3,16
1.2295,575,3,16
1.3403,600,3,16
1.5875,625,3,16
1.4309,650,3,16
1.3558,675,3,16
1.2877,700,3,16
1.6509,725,3,16
1.2747,750,3,16
1.2175,775,3,16
1.1493,800,3,16
2.125,825,3,16
1.4676,850,3,16
1.231,875,3,16
1.6148,900,3,16
1.2477,925,3,16
1.5399,950,3,16
1.4119,975,3,16
1.0769,1000,3,16
1.4475,25,3,17
2.8271,50,3,17
1.536,75,3,17
1.9408,100,3,17
1.9023,125,3,17
2.2012,150,3,17
2.1107,175,3,17
2.3754,200,3,17
2.438,225,3,17
2.0236,250,3,17
1.9758,275,3,17
1.5505,300,3,17
1.7887,325,3,17
1.1575,350,3,17
1.593,375,3,17
1.7928,400,3,17
1.3899,425,3,17
1.562,450,3,17
1.8666,475,3,17
1.7653,500,3,17
2.0312,525,3,17
1.7643,550,3,17
1.7519,575,3,17
1.2236,600,3,17
1.6207,625,3,17
1.6776,650,3,17
1.3879,675,3,17
1.5152,700,3,17
1.4019,725,3,17
1.1935,750,3,17
1.6085,775,3,17
1.5935,800,3,17
1.5462,825,3,17
1.5297,850,3,17
1.5688,875,3,17
1.2853,900,3,17
1.6057,925,3,17
1.4381,950,3,17
1.2982,975,3,17
2.0301,1000,3,17
1.3628,25,3,18
1.0917,50,3,18
1.4223,75,3,18
1.3993,100,3,18
1.4314,125,3,18
1.1458,150,3,18
1.098,175,3,18
1.0056,200,3,18
1.1315,225,3,18
0.74616,250,3,18
0.84235,275,3,18
0.8096,300,3,18
0.63691,325,3,18
0.82837,350,3,18
0.90348,375,3,18
0.66201,400,3,18
0.79348,425,3,18
0.59934,450,3,18
0.83514,475,3,18
0.74083,500,3,18
0.59306,525,3,18
0.64579,550,3,18
0.65612,575,3,18
0.85642,600,3,18
1.0549,625,3,18
0.82521,650,3,18
0.85262,675,3,18
0.87444,700,3,18
0.73766,725,3,18
0.59889,750,3,18
0.58605,775,3,18
0.69797,800,3,18
0.76992,825,3,18
0.89353,850,3,18
0.7883,875,3,18
1.0799,900,3,18
0.8542,925,3,18
0.6015,950,3,18
0.78095,975,3,18
0.74659,1000,3,18
2.161,25,3,19
1.533,50,3,19
1.8242,75,3,19
2.2887,100,3,19
1.6586,125,3,19
2.5796,150,3,19
1.3941,175,3,19
1.5932,200,3,19
1.4112,225,3,19
1.4932,250,3,19
1.8779,275,3,19
1.634,300,3,19
1.1164,325,3,19
1.6222,350,3,19
1.2719,375,3,19
1.6294,400,3,19
1.7008,425,3,19
1.3847,450,3,19
1.0734,475,3,19
1.3225,500,3,19
1.4454,525,3,19
1.1697,550,3,19
1.1099,575,3,19
1.0962,600,3,19
1.4565,625,3,19
0.94544,650,3,19
1.1525,675,3,19
1.1888,700,3,19
1.2198,725,3,19
0.94832,750,3,19
1.1477,775,3,19
1.0632,800,3,19
1.0778,825,3,19
0.94296,850,3,19
1.1801,875,3,19
0.92624,900,3,19
1.0964,925,3,19
1.1593,950,3,19
0.86845,975,3,19
0.92427,1000,3,19
1.1414,25,3,20
1.3756,50,3,20
1.2119,75,3,20
1.0579,100,3,20
1.2765,125,3,20
1.0124,150,3,20
1.3479,175,3,20
1.3848,200,3,20
1.2955,225,3,20
1.0664,250,3,20
1.0883,275,3,20
1.2212,300,3,20
1.0748,325,3,20
1.0582,350,3,20
1.2031,375,3,20
1.0001,400,3,20
1.4333,425,3,20
1.2749,450,3,20
1.2783,475,3,20
1.0227,500,3,20
1.2092,525,3,20
1.1276,550,3,20
1.0408,575,3,20
1.2107,600,3,20
1.3242,625,3,20
1.3548,650,3,20
0.8531,675,3,20
1.1062,700,3,20
0.83939,725,3,20
1.0716,750,3,20
1.0725,775,3,20
0.88669,800,3,20
1.257,825,3,20
1.1492,850,3,20
0.96904,875,3,20
1.0098,900,3,20
1.0748,925,3,20
1.1149,950,3,20
1.146,975,3,20
0.9843,1000,3,20
1.2382,25,4,1
1.5947,50,4,1
2.0207,75,4,1
1.4075,100,4,1
1.7627,125,4,1
1.1959,150,4,1
1.2202,175,4,1
1.1551,200,4,1
1.1344,225,4,1
1.2453,250,4,1
1.1163,275,4,1
1.2952,300,4,1
1.3254,325,4,1
1.0245,350,4,1
1.2135,375,4,1
1.2574,400,4,1
2.0455,425,4,1
1.7304,450,4,1
1.4821,475,4,1
1.1889,500,4,1
1.0921,525,4,1
1.3201,550,4,1
1.0691,575,4,1
1.2392,600,4,1
2.2259,625,4,1
1.3038,650,4,1
1.2135,675,4,1
1.3556,700,4,1
0.93984,725,4,1
1.1063,750,4,1
0.92321,775,4,1
0.94675,800,4,1
1.2328,825,4,1
1.1628,850,4,1
1.1203,875,4,1
0.9169,900,4,1
0.90838,925,4,1
1.0151,950,4,1
0.87176,975,4,1
0.87518,1000,4,1
1.092,1025,4,1
0.87832,1050,4,1
0.99425,1075,4,1
0.92472,1100,4,1
0.80544,1125,4,1
0.91739,1150,4,1
1.0849,1175,4,1
1.5213,1200,4,1
0.94018,1225,4,1
0.82807,1250,4,1
0.9357,1275,4,1
0.95616,1300,4,1
0.87078,1325,4,1
1.2101,1350,4,1
0.94047,1375,4,1
0.83014,1400,4,1
1.378,1425,4,1
0.84295,1450,4,1
0.73251,1475,4,1
0.93559,1500,4,1
0.74524,1525,4,1
0.84323,1550,4,1
0.71401,1575,4,1
0.91103,1600,4,1
1.1981,1625,4,1
1.1195,1650,4,1
0.9363,1675,4,1
0.75897,1700,4,1
0.83929,1725,4,1
0.84663,1750,4,1
0.80246,1775,4,1
0.88444,1800,4,1
1.3764,1825,4,1
0.86512,1850,4,1
0.63553,1875,4,1
0.80432,1900,4,1
0.7035,1925,4,1
0.79256,1950,4,1
0.79097,1975,4,1
0.83465,2000,4,1
1.3782,25,4,2
0.99473,50,4,2
1.0533,75,4,2
1.2381,100,4,2
1.1392,125,4,2
0.94895,150,4,2
0.82385,175,4,2
0.89362,200,4,2
1.0044,225,4,2
1.423,250,4,2
1.2636,275,4,2
1.2257,300,4,2
0.94728,325,4,2
1.3708,350,4,2
0.88948,375,4,2
1.1089,400,4,2
1.0423,425,4,2
0.96626,450,4,2
0.73191,475,4,2
0.71436,500,4,2
0.72871,525,4,2
1.014,550,4,2
0.85895,575,4,2
0.89434,600,4,2
1.5667,625,4,2
1.5685,650,4,2
1.4444,675,4,2
1.3346,700,4,2
1.2619,725,4,2
1.1856,750,4,2
1.5092,775,4,2
1.144,800,4,2
0.93772,825,4,2
0.85986,850,4,2
0.72101,875,4,2
0.89992,900,4,2
0.81749,925,4,2
0.80879,950,4,2
0.84597,975,4,2
1.0422,1000,4,2
1.2338,1025,4,2
1.5609,1050,4,2
1.1858,1075,4,2
1.0003,1100,4,2
1.3512,1125,4,2
1.1359,1150,4,2
1.5196,1175,4,2
1.5367,1200,4,2
1.5474,1225,4,2
0.79313,1250,4,2
0.88493,1275,4,2
1.0361,1300,4,2
1.413,1325,4,2
1.0611,1350,4,2
0.99439,1375,4,2
1.7013,1400,4,2
0.84044,1425,4,2
0.9042,1450,4,2
0.82953,1475,4,2
0.67645,1500,4,2
0.99155,1525,4,2
1.046,1550,4,2
0.89209,1575,4,2
1.0172,1600,4,2
1.56,1625,4,2
1.0355,1650,4,2
1.4391,1675,4,2
1.5886,1700,4,2
1.5919,1725,4,2
1.487,1750,4,2
1.0418,1775,4,2
1.0932,1800,4,2
1.0255,1825,4,2
1.17,1850,4,2
1.1378,1875,4,2
1.2866,1900,4,2
1.1618,1925,4,2
1.0319,1950,4,2
1.43,1975,4,2
0.89607,2000,4,2
1.222,25,4,3
1.2889,50,4,3
1.5782,75,4,3
1.7111,100,4,3
1.6333,125,4,3
1.5942,150,4,3
1.5858,175,4,3
1.7206,200,4,3
1.5961,225,4,3
1.4243,250,4,3
1.383,275,4,3
1.2535,300,4,3
1.2768,325,4,3
1.3414,350,4,3
1.3322,375,4,3
1.346,400,4,3
1.4089,425,4,3
1.6255,450,4,3
1.3381,475,4,3
1.5862,500,4,3
1.7799,525,4,3
1.5732,550,4,3
1.6018,575,4,3
1.2315,600,4,3
1.3268,625,4,3
1.1876,650,4,3
1.1449,675,4,3
1.3366,700,4,3
1.0906,725,4,3
1.0855,750,4,3
1.3548,775,4,3
1.4562,800,4,3
1.5235,825,4,3
1.0374,850,4,3
1.3797,875,4,3
1.2132,900,4,3
1.0579,925,4,3
1.2224,950,4,3
1.1179,975,4,3
0.94806,1000,4,3
1.2448,1025,4,3
1.6896,1050,4,3
1.6378,1075,4,3
1.6144,1100,4,3
1.2099,1125,4,3
1.5614,1150,4,3
1.1866,1175,4,3
1.2536,1200,4,3
1.5828,1225,4,3
1.3994,1250,4,3
1.502,1275,4,3
1.4951,1300,4,3
1.2587,1325,4,3
1.1737,1350,4,3
1.1419,1375,4,3
1.1844,1400,4,3
1.7445,1425,4,3
1.0255,1450,4,3
1.1243,1475,4,3
1.1886,1500,4,3
1.2167,1525,4,3
1.0117,1550,4,3
1.3826,1575,4,3
1.5412,1600,4,3
1.31,1625,4,3
1.2367,1650,4,3
1.3504,1675,4,3
1.1426,1700,4,3
1.171,1725,4,3
1.1303,1750,4,3
1.2236,1775,4,3
1.5002,1800,4,3
1.1145,1825,4,3
0.94126,1850,4,3
0.95048,1875,4,3
1.0958,1900,4,3
0.943,1925,4,3
1.0355,1950,4,3
0.86624,1975,4,3
0.7226,2000,4,3
2.1098,25,4,4
1.3685,50,4,4
1.3966,75,4,4
1.4014,100,4,4
1.2802,125,4,4
1.5125,150,4,4
1.2515,175,4,4
1.437,200,4,4
1.253,225,4,4
1.2684,250,4,4
1.3844,275,4,4
1.6818,300,4,4
1.3742,325,4,4
1.4898,350,4,4
2.4004,375,4,4
1.4041,400,4,4
1.9872,425,4,4
1.8697,450,4,4
2.2945,475,4,4
1.7051,500,4,4
2.1013,525,4,4
1.3537,550,4,4
2.004,575,4,4
1.4345,600,4,4
1.7725,625,4,4
1.4171,650,4,4
1.2605,675,4,4
1.3688,700,4,4
1.1978,725,4,4
1.3243,750,4,4
1.2525,775,4,4
0.9942,800,4,4
1.9296,825,4,4
1.6581,850,4,4
1.8698,875,4,4
1.402,900,4,4
1.5905,925,4,4
1.5092,950,4,4
1.3865,975,4,4
1.5676,1000,4,4
1.9458,1025,4,4
1.5135,1050,4,4
1.1748,1075,4,4
1.0427,1100,4,4
1.4474,1125,4,4
1.3722,1150,4,4
1.1016,1175,4,4
1.4369,1200,4,4
1.3793,1225,4,4
1.1809,1250,4,4
0.93971,1275,4,4
0.81973,1300,4,4
0.81805,1325,4,4
1.3,1350,4,4
1.0697,1375,4,4
1.0464,1400,4,4
1.115,1425,4,4
1.1477,1450,4,4
1.355,1475,4,4
1.2029,1500,4,4
1.0396,1525,4,4
1.0983,1550,4,4
1.2457,1575,4,4
1.0792,1600,4,4
1.3108,1625,4,4
1.2649,1650,4,4
1.1899,1675,4,4
1.278,1700,4,4
1.3241,1725,4,4
1.3623,1750,4,4
1.3295,1775,4,4
1.6152,1800,4,4
1.071,1825,4,4
1.0666,1850,4,4
0.92096,1875,4,4
1.1631,1900,4,4
1.4503,1925,4,4
0.89883,1950,4,4
0.82996,1975,4,4
0.95809,2000,4,4
1.8007,25,4,5
1.5342,50,4,5
1.9074,75,4,5
1.3401,100,4,5
1.4475,125,4,5
1.3461,150,4,5
1.0642,175,4,5
1.177,200,4,5
1.2372,225,4,5
1.0988,250,4,5
1.2978,275,4,5
0.94708,300,4,5
1.1218,325,4,5
1.2873,350,4,5
1.1414,375,4,5
1.0311,400,4,5
1.1389,425,4,5
0.92381,450,4,5
1.1544,475,4,5
0.95372,500,4,5
1.036,525,4,5
1.0859,550,4,5
0.95644,575,4,5
1.086,600,4,5
1.1804,625,4,5
1.063,650,4,5
0.92121,675,4,5
1.1104,700,4,5
0.98361,725,4,5
0.96684,750,4,5
1.0167,775,4,5
0.98231,800,4,5
1.2633,825,4,5
0.87058,850,4,5
0.96321,875,4,5
0.98089,900,4,5
1.0756,925,4,5
1.1889,950,4,5
1.4081,975,4,5
1.6113,1000,4,5
1.4871,1025,4,5
1.2905,1050,4,5
1.4112,1075,4,5
1.4898,1100,4,5
1.6919,1125,4,5
1.514,1150,4,5
1.7439,1175,4,5
1.9342,1200,4,5
1.214,1225,4,5
1.2422,1250,4,5
0.99829,1275,4,5
0.78374,1300,4,5
0.86057,1325,4,5
1.1043,1350,4,5
1.0634,1375,4,5
1.0365,1400,4,5
0.74591,1425,4,5
0.81474,1450,4,5
0.85325,1475,4,5
0.91361,1500,4,5
0.71208,1525,4,5
0.91957,1550,4,5
0.9115,1575,4,5
0.82031,1600,4,5
1.2241,1625,4,5
1.0665,1650,4,5
0.90874,1675,4,5
0.90003,1700,4,5
0.91183,1725,4,5
0.78621,1750,4,5
0.82829,1775,4,5
0.87664,1800,4,5
1.0235,1825,4,5
0.69273,1850,4,5
0.84885,1875,4,5
0.9638,1900,4,5
0.76399,1925,4,5
0.77293,1950,4,5
0.73916,1975,4,5
0.70554,2000,4,5
1.9767,25,4,6
2.5043,50,4,6
2.166,100,4,6
1.0066,125,4,6
1.3383,150,4,6
1.0778,175,4,6
1.4958,200,4,6
2.2112,225,4,6
1.454,250,4,6
1.613,275,4,6
1.5582,300,4,6
1.9679,325,4,6
1.0845,350,4,6
1.7342,375,4,6
1.821,400,4,6
1.7268,425,4,6
1.1417,450,4,6
1.399,475,4,6
1.0152,500,4,6
1.0887,525,4,6
1.0566,550,4,6
0.84857,575,4,6
1.2456,600,4,6
1.1491,625,4,6
1.1129,650,4,6
0.93955,675,4,6
1.2522,700,4,6
1.1742,725,4,6
1.3946,750,4,6
1.2197,775,4,6
1.4402,800,4,6
1.0832,825,4,6
0.87899,850,4,6
1.1445,875,4,6
1.0164,900,4,6
0.9922,925,4,6
0.81862,950,4,6
0.9229,975,4,6
1.0555,1000,4,6
1.4865,1025,4,6
0.87683,1050,4,6
0.99688,1075,4,6
0.84794,1100,4,6
0.87574,1125,4,6
1.0743,1150,4,6
0.77583,1175,4,6
0.81684,1200,4,6
0.79497,1225,4,6
0.8787,1250,4,6
0.93509,1275,4,6
0.87018,1300,4,6
0.95518,1325,4,6
0.90476,1350,4,6
0.82992,1375,4,6
1.0452,1400,4,6
1.101,1425,4,6
0.77483,1450,4,6
0.87944,1475,4,6
0.70457,1500,4,6
0.74405,1525,4,6
0.65857,1550,4,6
1.1001,1575,4,6
0.80346,1600,4,6
0.98143,1625,4,6
0.95414,1650,4,6
1.1044,1675,4,6
1.0012,1700,4,6
0.88397,1725,4,6
1.2177,1750,4,6
0.58454,1775,4,6
0.91239,1800,4,6
0.94957,1825,4,6
0.84733,1850,4,6
0.95196,1875,4,6
0.91117,1900,4,6
0.88762,1925,4,6
0.76972,1950,4,6
0.94177,1975,4,6
0.78921,2000,4,6
1.8255,25,4,7
1.4088,50,4,7
1.6916,75,4,7
1.4226,100,4,7
1.0524,125,4,7
1.1164,150,4,7
1.1791,175,4,7
1.061,200,4,7
0.94899,225,4,7
0.96086,250,4,7
0.9583,275,4,7
0.95886,300,4,7
0.83526,325,4,7
0.95212,350,4,7
0.8154,375,4,7
1.0503,400,4,7
1.0381,425,4,7
0.70307,450,4,7
0.71741,475,4,7
0.68846,500,4,7
0.7184,525,4,7
0.79469,550,4,7
1.0245,575,4,7
0.76434,600,4,7
0.80152,625,4,7
1.1978,650,4,7
0.87161,675,4,7
0.75107,700,4,7
0.72877,725,4,7
0.63496,750,4,7
0.59188,775,4,7
0.6972,800,4,7
0.97481,825,4,7
0.82243,850,4,7
0.89114,875,4,7
0.57591,900,4,7
0.82593,925,4,7
0.66239,950,4,7
0.76534,975,4,7
0.64053,1000,4,7
1.3299,1025,4,7
1.008,1050,4,7
1.0458,1075,4,7
1.1135,1100,4,7
0.79463,1125,4,7
0.91216,1150,4,7
0.70892,1175,4,7
0.92019,1200,4,7
0.89708,1225,4,7
0.81275,1250,4,7
0.98729,1275,4,7
0.75399,1300,4,7
0.66786,1325,4,7
0.70398,1350,4,7
0.6505,1375,4,7
0.5615,1400,4,7
0.64133,1425,4,7
0.79805,1450,4,7
0.76925,1475,4,7
0.86207,1500,4,7
0.82366,1525,4,7
0.8593,1550,4,7
0.912,1575,4,7
0.92505,1600,4,7
0.90282,1625,4,7
0.80288,1650,4,7
0.56802,1675,4,7
0.62057,1700,4,7
0.56017,1725,4,7
0.50813,1750,4,7
0.56151,1775,4,7
0.61185,1800,4,7
0.62573,1825,4,7
0.65013,1850,4,7
0.6892,1875,4,7
1.0554,1900,4,7
1.0143,1925,4,7
1.2396,25,4,8
1.4098,50,4,8
1.4602,75,4,8
1.7007,100,4,8
1.1622,125,4,8
1.3011,150,4,8
1.0985,175,4,8
1.2321,200,4,8
1.2236,225,4,8
1.3105,250,4,8
0.77442,275,4,8
1.0401,300,4,8
1.3657,325,4,8
1.1848,350,4,8
1.0355,375,4,8
1.0732,400,4,8
1.3267,425,4,8
1.4845,450,4,8
1.3412,475,4,8
1.478,500,4,8
1.2887,525,4,8
1.478,550,4,8
1.8037,575,4,8
2.0714,600,4,8
1.7851,625,4,8
1.6378,650,4,8
2.1078,675,4,8
1.6187,700,4,8
2.3648,750,4,8
2.3751,775,4,8
1.6949,800,4,8
1.7096,825,4,8
1.5265,875,4,8
1.4762,900,4,8
1.5808,925,4,8
1.9059,975,4,8
2.0337,1000,4,8
2.3561,1150,4,8
2.9171,1175,4,8
1.5416,1200,4,8
2.3282,1250,4,8
1.0815,1275,4,8
1.5831,1300,4,8
2.4993,1325,4,8
2.0621,1350,4,8
1.4066,1375,4,8
1.6901,1400,4,8
1.2233,1425,4,8
1.2118,1450,4,8
0.91758,1475,4,8
0.83509,1500,4,8
1.3603,1525,4,8
0.79029,1550,4,8
1.1776,1575,4,8
1.682,1600,4,8
1.579,1625,4,8
1.4415,1650,4,8
1.0854,1675,4,8
0.88682,1700,4,8
0.84263,1725,4,8
0.95012,1750,4,8
1.0352,1775,4,8
0.83529,1800,4,8
0.91347,1825,4,8
1.1602,1850,4,8
1.0627,1875,4,8
1.0026,1900,4,8
1.0862,1925,4,8
1.0838,1950,4,8
0.92052,1975,4,8
0.85822,2000,4,8
1.3676,25,4,9
1.2322,50,4,9
1.3521,75,4,9
0.99639,100,4,9
1.1326,125,4,9
1.1251,225,4,9
1.2371,250,4,9
0.9591,275,4,9
0.76636,300,4,9
0.90342,325,4,9
1.5712,350,4,9
0.89375,375,4,9
1.1016,400,4,9
1.0363,425,4,9
1.1314,450,4,9
0.95594,475,4,9
1.0221,500,4,9
1.1497,525,4,9
1.0113,550,4,9
0.87334,575,4,9
1.0578,600,4,9
0.84068,625,4,9
0.88169,650,4,9
1.0133,675,4,9
0.78841,700,4,9
0.98345,725,4,9
0.99323,750,4,9
1.0266,775,4,9
0.90869,800,4,9
0.82643,825,4,9
0.73166,850,4,9
0.68851,875,4,9
0.81765,900,4,9
0.72888,925,4,9
0.81595,950,4,9
0.73503,975,4,9
0.88851,1000,4,9
0.87042,1025,4,9
1.0601,1050,4,9
0.85131,1075,4,9
1.0728,1100,4,9
1.1842,1125,4,9
1.0317,1150,4,9
0.84866,1175,4,9
0.81412,1200,4,9
0.91961,1225,4,9
0.77076,1250,4,9
0.79432,1275,4,9
0.64325,1300,4,9
0.7522,1325,4,9
0.74967,1350,4,9
0.81645,1375,4,9
0.81626,1400,4,9
0.90012,1425,4,9
0.77562,1450,4,9
0.87868,1475,4,9
0.74849,1500,4,9
0.75209,1525,4,9
0.71171,1550,4,9
0.76584,1575,4,9
0.74405,1600,4,9
0.72946,1625,4,9
0.76767,1650,4,9
0.79908,1675,4,9
0.71081,1700,4,9
0.89753,1725,4,9
1.0284,1750,4,9
0.83768,1775,4,9
0.89423,1800,4,9
0.88233,1825,4,9
0.78198,1850,4,9
0.86302,1875,4,9
0.95639,1900,4,9
0.96461,1925,4,9
0.72064,1950,4,9
0.81999,1975,4,9
0.67649,2000,4,9
2.6437,25,4,10
1.7575,75,4,10
2.0641,100,4,10
1.4066,125,4,10
1.6795,150,4,10
1.7976,175,4,10
1.3586,200,4,10
1.2355,225,4,10
1.1227,250,4,10
1.0036,275,4,10
1.1236,300,4,10
1.0721,325,4,10
1.4694,350,4,10
1.0371,375,4,10
1.0434,400,4,10
1.1392,425,4,10
1.1968,450,4,10
1.2938,475,4,10
0.90834,500,4,10
1.1826,525,4,10
1.3781,550,4,10
1.2252,575,4,10
1.1856,600,4,10
1.0464,625,4,10
0.90071,650,4,10
0.86902,675,4,10
0.90358,700,4,10
1.1139,725,4,10
1.1734,750,4,10
0.88363,775,4,10
0.85397,800,4,10
1.2258,825,4,10
0.93466,850,4,10
1.0442,875,4,10
1.2847,900,4,10
1.0358,925,4,10
0.93745,950,4,10
0.73216,975,4,10
0.94302,1000,4,10
1.888,1025,4,10
0.93663,1050,4,10
0.90219,1075,4,10
0.83874,1100,4,10
1.0673,1125,4,10
0.89915,1150,4,10
1.1845,1175,4,10
1.1279,1200,4,10
1.0787,1225,4,10
0.84735,1250,4,10
1.1316,1275,4,10
0.88405,1300,4,10
0.79773,1325,4,10
1.0112,1350,4,10
1.0438,1375,4,10
0.86307,1400,4,10
1.2038,1425,4,10
0.82873,1450,4,10
1.1179,1475,4,10
0.84919,1500,4,10
0.92336,1525,4,10
1.1978,1550,4,10
1.9105,1575,4,10
1.44,1600,4,10
0.9921,1625,4,10
0.84736,1650,4,10
0.71495,1675,4,10
0.83846,1700,4,10
0.86703,1725,4,10
0.52132,1750,4,10
0.67462,1775,4,10
1.1236,1800,4,10
1.0579,1825,4,10
0.90419,1850,4,10
0.87947,1875,4,10
0.79196,1900,4,10
0.89353,1925,4,10
1.2886,1950,4,10
0.87837,1975,4,10
1.4165,2000,4,10
1.4924,25,4,11
1.4831,50,4,11
1.2153,75,4,11
1.1045,100,4,11
1.2826,125,4,11
1.3675,150,4,11
1.5217,175,4,11
1.4866,200,4,11
1.5543,225,4,11
1.425,250,4,11
1.4618,275,4,11
1.5298,300,4,11
2.1307,325,4,11
1.7503,350,4,11
1.5639,375,4,11
1.3613,400,4,11
1.2505,425,4,11
1.3469,450,4,11
1.2865,475,4,11
1.3287,500,4,11
1.616,525,4,11
1.3821,550,4,11
1.5462,575,4,11
1.5472,600,4,11
1.477,625,4,11
1.6723,650,4,11
1.3996,675,4,11
1.8129,700,4,11
1.7788,725,4,11
1.3246,750,4,11
1.3004,775,4,11
1.3726,800,4,11
1.5683,825,4,11
0.83969,850,4,11
0.99415,875,4,11
0.8329,900,4,11
1.0778,925,4,11
0.95838,950,4,11
1.0329,975,4,11
1.0737,1000,4,11
1.028,1025,4,11
1.1249,1050,4,11
3.0174,1100,4,11
2.2809,1125,4,11
3.3364,1175,4,11
2.5209,1200,4,11
1.5753,1225,4,11
1.4262,1250,4,11
1.0943,1275,4,11
1.2703,1300,4,11
1.8144,1325,4,11
1.15,1350,4,11
1.1378,1375,4,11
0.78783,1400,4,11
1.6225,1425,4,11
1.1478,1450,4,11
0.94692,1475,4,11
0.95842,1500,4,11
1.2839,1525,4,11
1.1241,1550,4,11
2.6454,1575,4,11
2.4295,1600,4,11
0.85175,1625,4,11
1.1862,1650,4,11
0.81105,1675,4,11
0.69519,1700,4,11
0.94764,1725,4,11
1.1283,1750,4,11
1.4262,1775,4,11
1.8187,1800,4,11
1.098,1825,4,11
1.0126,1850,4,11
1.3623,1875,4,11
1.5176,1900,4,11
1.157,1925,4,11
1.3224,1950,4,11
1.1228,1975,4,11
1.0955,2000,4,11
1.4147,25,4,12
1.3204,50,4,12
1.2077,75,4,12
1.7746,100,4,12
1.5418,125,4,12
1.6377,150,4,12
1.7586,175,4,12
1.8482,200,4,12
2.8523,225,4,12
1.1962,275,4,12
1.6111,300,4,12
1.7421,325,4,12
1.7403,350,4,12
1.3973,375,4,12
1.5032,400,4,12
2.0349,425,4,12
1.744,450,4,12
1.1378,550,4,12
1.9363,575,4,12
1.8421,600,4,12
1.819,725,4,12
1.7177,750,4,12
1.4219,775,4,12
1.6658,800,4,12
0.90781,825,4,12
1.4847,850,4,12
1.8693,875,4,12
0.92132,900,4,12
1.0491,925,4,12
1.214,950,4,12
1.552,975,4,12
1.0874,1000,4,12
1.5836,1025,4,12
1.0061,1050,4,12
2.132,1075,4,12
1.2974,1100,4,12
1.6816,1125,4,12
1.4522,1150,4,12
1.4433,1175,4,12
1.6101,1200,4,12
1.6042,1225,4,12
1.8534,1250,4,12
1.8335,1275,4,12
1.6447,1300,4,12
1.9263,1325,4,12
2.1914,1350,4,12
2.1817,1400,4,12
1.7163,1450,4,12
1.7035,1525,4,12
1.7769,1575,4,12
2.1535,1600,4,12
1.7967,1625,4,12
0.36798,1650,4,12
0.82169,1675,4,12
2.0512,1800,4,12
1.2163,1825,4,12
1.5651,1850,4,12
1.7274,1875,4,12
1.9215,1925,4,12
1.2992,25,4,13
1.5911,50,4,13
1.5263,75,4,13
1.0055,100,4,13
1.3522,125,4,13
1.3261,150,4,13
1.2897,175,4,13
1.2283,200,4,13
0.92198,225,4,13
0.90816,250,4,13
1.244,275,4,13
1.0876,300,4,13
1.0331,325,4,13
0.8465,350,4,13
0.94487,375,4,13
1.2403,400,4,13
0.81486,425,4,13
0.86687,450,4,13
0.76054,475,4,13
0.79006,500,4,13
0.83455,525,4,13
0.74051,550,4,13
0.81929,575,4,13
0.82511,600,4,13
0.99708,625,4,13
0.92436,650,4,13
1.1243,675,4,13
0.77724,700,4,13
0.77621,725,4,13
1.0801,750,4,13
0.86818,775,4,13
0.93233,800,4,13
0.81124,825,4,13
0.53928,850,4,13
0.50873,875,4,13
0.88661,900,4,13
0.61938,925,4,13
0.59347,950,4,13
0.69285,975,4,13
0.6105,1000,4,13
0.82534,1025,4,13
0.76272,1050,4,13
0.6022,1075,4,13
0.72672,1100,4,13
0.70447,1125,4,13
0.59268,1150,4,13
0.66125,1175,4,13
0.6033,1200,4,13
0.63142,1225,4,13
0.79143,1250,4,13
0.67433,1275,4,13
0.6527,1300,4,13
0.54528,1325,4,13
0.71234,1350,4,13
0.60448,1375,4,13
0.64725,1400,4,13
0.77262,1425,4,13
0.538,1450,4,13
0.66781,1475,4,13
0.59462,1500,4,13
0.5152,1525,4,13
0.65143,1550,4,13
0.76012,1575,4,13
0.7549,1600,4,13
0.68335,1625,4,13
0.41039,1650,4,13
0.75386,1675,4,13
0.5201,1700,4,13
0.53933,1725,4,13
0.60549,1750,4,13
0.6335,1775,4,13
0.61099,1800,4,13
0.70989,1825,4,13
0.47425,1850,4,13
0.49916,1875,4,13
0.6828,1900,4,13
0.70352,1925,4,13
0.59707,1950,4,13
0.65833,1975,4,13
0.46619,2000,4,13
1.4971,25,4,14
1.4597,50,4,14
1.1794,75,4,14
1.4593,100,4,14
1.1981,125,4,14
1.2853,150,4,14
1.0231,175,4,14
1.4223,200,4,14
1.5161,225,4,14
1.3756,250,4,14
1.2269,275,4,14
1.0097,300,4,14
1.1086,325,4,14
1.085,350,4,14
0.9892,375,4,14
1.2085,400,4,14
1.1044,425,4,14
0.93694,450,4,14
0.94597,475,4,14
1.0694,500,4,14
0.96912,525,4,14
0.93605,550,4,14
0.88588,575,4,14
1.0799,600,4,14
1.2003,625,4,14
0.94893,650,4,14
0.78686,675,4,14
0.9027,700,4,14
0.97702,725,4,14
0.72524,750,4,14
0.65717,775,4,14
0.70528,800,4,14
0.93975,825,4,14
0.6777,850,4,14
0.57373,875,4,14
0.60955,900,4,14
0.56732,925,4,14
0.576,950,4,14
0.48702,975,4,14
0.66022,1000,4,14
0.7696,1025,4,14
0.62892,1050,4,14
0.62083,1075,4,14
0.65706,1100,4,14
0.57551,1125,4,14
0.6023,1150,4,14
0.67043,1175,4,14
0.56015,1200,4,14
0.80891,1225,4,14
0.57493,1250,4,14
0.65685,1275,4,14
0.72655,1300,4,14
0.57864,1325,4,14
0.6095,1350,4,14
0.50013,1375,4,14
0.51071,1400,4,14
0.64653,1425,4,14
0.56998,1450,4,14
0.6665,1475,4,14
0.59698,1500,4,14
0.61575,1525,4,14
0.57538,1550,4,14
0.6778,1575,4,14
0.60471,1600,4,14
0.60626,1625,4,14
0.54839,1650,4,14
0.6251,1675,4,14
0.53884,1700,4,14
0.56287,1725,4,14
0.63672,1750,4,14
0.67184,1775,4,14
0.65318,1800,4,14
0.56699,1825,4,14
0.65693,1850,4,14
0.63796,1875,4,14
0.9641,1900,4,14
0.65613,1925,4,14
0.5056,1950,4,14
0.44841,1975,4,14
0.60672,2000,4,14
1.0819,25,4,15
1.0697,50,4,15
1.2303,75,4,15
1.0935,100,4,15
0.95139,125,4,15
0.92579,150,4,15
0.79864,175,4,15
0.78419,200,4,15
0.71675,225,4,15
0.75181,250,4,15
0.98775,275,4,15
0.68777,300,4,15
0.69287,325,4,15
0.71151,350,4,15
0.68546,375,4,15
0.68305,400,4,15
0.90145,425,4,15
0.79213,450,4,15
0.77352,475,4,15
0.63645,500,4,15
0.73206,525,4,15
0.72318,550,4,15
0.66935,575,4,15
0.64166,600,4,15
0.73017,625,4,15
0.77762,650,4,15
0.59513,675,4,15
0.62582,700,4,15
0.62951,725,4,15
0.6915,750,4,15
0.54474,775,4,15
0.58574,800,4,15
0.79212,825,4,15
0.65517,850,4,15
0.53021,875,4,15
0.54767,900,4,15
0.66232,925,4,15
0.57043,950,4,15
0.59185,975,4,15
0.54523,1000,4,15
0.74296,1025,4,15
0.69339,1050,4,15
0.73088,1075,4,15
0.66509,1100,4,15
0.6758,1125,4,15
0.67939,1150,4,15
0.71059,1175,4,15
0.69882,1200,4,15
0.85819,1225,4,15
0.84446,1250,4,15
0.77864,1275,4,15
0.7858,1300,4,15
0.78766,1325,4,15
0.80476,1350,4,15
0.79957,1375,4,15
0.87816,1400,4,15
0.65097,1425,4,15
0.60651,1450,4,15
0.65499,1475,4,15
0.639,1500,4,15
0.75371,1525,4,15
0.79833,1550,4,15
0.65733,1575,4,15
0.62943,1600,4,15
0.70035,1625,4,15
0.70264,1650,4,15
0.65913,1675,4,15
0.57053,1700,4,15
0.64081,1725,4,15
0.61815,1750,4,15
0.64123,1775,4,15
0.58492,1800,4,15
0.82104,1825,4,15
0.59757,1850,4,15
0.63059,1875,4,15
0.60423,1900,4,15
0.57128,1925,4,15
0.62873,1950,4,15
0.59312,1975,4,15
0.61885,2000,4,15
2.0681,25,4,16
2.0964,50,4,16
1.6949,75,4,16
1.7027,100,4,16
1.9009,125,4,16
2.2326,150,4,16
1.7176,175,4,16
1.8525,200,4,16
1.7944,225,4,16
1.8749,250,4,16
2.2751,275,4,16
1.597,300,4,16
1.7076,325,4,16
2.4971,350,4,16
1.9504,375,4,16
2.3404,400,4,16
2.3887,425,4,16
1.7363,450,4,16
1.3314,475,4,16
1.5847,500,4,16
1.5173,525,4,16
1.6312,550,4,16
1.063,575,4,16
1.0639,600,4,16
1.435,625,4,16
1.4604,650,4,16
1.4088,675,4,16
1.4639,700,4,16
1.4107,725,4,16
1.5251,750,4,16
1.7733,775,4,16
1.5421,800,4,16
1.4054,825,4,16
1.1888,850,4,16
1.4961,875,4,16
1.1871,900,4,16
1.1101,925,4,16
1.3703,950,4,16
1.3763,975,4,16
1.2478,1000,4,16
1.027,1025,4,16
1.2708,1050,4,16
0.99108,1075,4,16
1.283,1100,4,16
1.0684,1125,4,16
1.02,1150,4,16
1.1048,1175,4,16
1.5222,1200,4,16
1.2475,1225,4,16
1.0241,1250,4,16
1.1363,1275,4,16
1.2618,1300,4,16
1.065,1325,4,16
1.149,1350,4,16
0.88217,1375,4,16
1.7988,1400,4,16
1.414,1425,4,16
1.4848,1450,4,16
1.4537,1475,4,16
0.94761,1500,4,16
1.1681,1525,4,16
1.0131,1550,4,16
1.0943,1575,4,16
1.3026,1600,4,16
1.9535,1625,4,16
1.2508,1650,4,16
1.0364,1675,4,16
1.2831,1700,4,16
1.0038,1725,4,16
0.8951,1750,4,16
1.1614,1775,4,16
1.2737,1800,4,16
1.2625,1825,4,16
1.0163,1850,4,16
1.2498,1875,4,16
1.1787,1900,4,16
1.2413,1925,4,16
0.99909,1950,4,16
0.93933,1975,4,16
1.5498,2000,4,16
1.3087,25,4,17
1.4594,50,4,17
1.2431,75,4,17
1.3698,100,4,17
1.3083,125,4,17
1.0951,150,4,17
1.306,175,4,17
1.0134,200,4,17
1.1252,225,4,17
1.4702,250,4,17
1.1939,275,4,17
1.0972,300,4,17
0.96337,325,4,17
0.94745,350,4,17
0.76092,375,4,17
0.97703,400,4,17
1.1441,425,4,17
1.1872,450,4,17
0.92778,475,4,17
0.95497,500,4,17
0.87915,525,4,17
0.98316,550,4,17
0.93786,575,4,17
0.96147,600,4,17
1.2887,625,4,17
1.5627,650,4,17
1.5985,675,4,17
1.5105,700,4,17
1.3919,725,4,17
1.1083,750,4,17
1.6563,775,4,17
1.2462,800,4,17
1.2102,825,4,17
1.3451,850,4,17
0.83212,875,4,17
0.97037,900,4,17
0.74928,925,4,17
1.0794,950,4,17
0.8738,975,4,17
0.88539,1000,4,17
1.0376,1025,4,17
0.92027,1050,4,17
0.70326,1075,4,17
0.72961,1100,4,17
0.86977,1125,4,17
0.66709,1150,4,17
0.86618,1175,4,17
0.66891,1200,4,17
1.0162,1225,4,17
1.3741,1250,4,17
0.8288,1275,4,17
1.1016,1300,4,17
0.77158,1325,4,17
0.81035,1350,4,17
0.92689,1375,4,17
0.80185,1400,4,17
0.98807,1425,4,17
0.8957,1450,4,17
0.61013,1475,4,17
0.83839,1500,4,17
0.84498,1525,4,17
0.82146,1550,4,17
0.7166,1575,4,17
0.7651,1600,4,17
1.1158,1625,4,17
1.0222,1650,4,17
0.8098,1675,4,17
0.81641,1700,4,17
0.87479,1725,4,17
0.70895,1750,4,17
0.7487,1775,4,17
0.86219,1800,4,17
1.5953,1825,4,17
1.4278,1850,4,17
1.4026,1875,4,17
1.2579,1900,4,17
1.5194,1925,4,17
0.87781,1950,4,17
0.8512,1975,4,17
0.98191,2000,4,17
1.3201,25,4,18
1.2675,50,4,18
1.1153,75,4,18
0.96303,100,4,18
1.043,125,4,18
1.0696,150,4,18
1.2629,175,4,18
1.716,200,4,18
1.4517,225,4,18
2.3059,250,4,18
1.5821,275,4,18
1.5711,300,4,18
1.403,325,4,18
1.8935,350,4,18
2.9266,375,4,18
2.9256,400,4,18
1.4966,425,4,18
1.3117,450,4,18
1.5288,475,4,18
0.97554,500,4,18
1.1035,525,4,18
1.0244,550,4,18
0.95308,575,4,18
0.88427,600,4,18
0.8837,625,4,18
1.0543,650,4,18
0.91905,675,4,18
1.0095,700,4,18
1.0339,725,4,18
0.99511,750,4,18
1.1742,775,4,18
1.046,800,4,18
0.85015,825,4,18
0.76802,850,4,18
0.74796,875,4,18
0.63577,900,4,18
0.6056,925,4,18
0.60836,950,4,18
0.64221,975,4,18
0.6833,1000,4,18
1.1752,1025,4,18
0.94688,1050,4,18
0.87954,1075,4,18
1.0239,1100,4,18
1.0517,1125,4,18
1.031,1150,4,18
0.93286,1175,4,18
0.93505,1200,4,18
0.89499,1225,4,18
0.82099,1250,4,18
0.68119,1275,4,18
0.58347,1300,4,18
0.88463,1325,4,18
0.80514,1350,4,18
0.77067,1375,4,18
0.77357,1400,4,18
0.83326,1425,4,18
0.74754,1450,4,18
1.0645,1475,4,18
0.85622,1500,4,18
0.83992,1525,4,18
0.71904,1550,4,18
0.75858,1575,4,18
0.73993,1600,4,18
0.80688,1625,4,18
0.69308,1650,4,18
0.78727,1675,4,18
0.75604,1700,4,18
0.57282,1725,4,18
0.94625,1750,4,18
0.79414,1775,4,18
0.80559,1800,4,18
0.9834,1825,4,18
0.67487,1850,4,18
0.99112,1875,4,18
1.1068,1900,4,18
1.1407,1925,4,18
0.85825,1950,4,18
0.82501,1975,4,18
0.67192,2000,4,18
1.4417,25,4,19
1.2994,50,4,19
1.7612,75,4,19
2.4432,125,4,19
2.55,150,4,19
1.5402,175,4,19
2.0659,200,4,19
3.6648,375,4,19
3.5059,400,4,19
1.8107,425,4,19
1.5197,450,4,19
1.471,475,4,19
1.8575,500,4,19
1.6402,525,4,19
2.0847,550,4,19
1.5824,575,4,19
1.3625,600,4,19
1.7853,625,4,19
1.7714,650,4,19
1.5107,675,4,19
1.5518,700,4,19
1.0835,725,4,19
1.4909,750,4,19
1.9018,775,4,19
1.6064,800,4,19
1.9453,825,4,19
1.5308,850,4,19
1.3873,875,4,19
1.2759,900,4,19
1.2681,925,4,19
1.3879,950,4,19
1.4701,975,4,19
1.387,1000,4,19
1.5171,1025,4,19
1.2318,1050,4,19
1.0239,1075,4,19
1.435,1100,4,19
1.2782,1125,4,19
0.90157,1150,4,19
1.1522,1175,4,19
1.076,1200,4,19
1.4107,1225,4,19
1.3315,1250,4,19
1.3287,1275,4,19
1.5049,1300,4,19
1.5072,1325,4,19
1.1914,1350,4,19
1.123,1375,4,19
1.1523,1400,4,19
1.5542,1425,4,19
1.2562,1450,4,19
1.5008,1475,4,19
1.5478,1500,4,19
1.22,1525,4,19
1.1668,1550,4,19
1.5609,1575,4,19
1.1486,1600,4,19
1.6548,1625,4,19
1.4165,1650,4,19
1.0412,1675,4,19
1.2344,1700,4,19
1.3915,1725,4,19
1.6214,1750,4,19
1.7949,1775,4,19
1.4247,1800,4,19
1.6064,1825,4,19
1.3483,1850,4,19
1.5192,1875,4,19
1.8475,1900,4,19
1.5964,1925,4,19
1.4982,1950,4,19
1.347,1975,4,19
1.3171,2000,4,19
2.3438,25,4,20
0.9481,50,4,20
1.0128,75,4,20
1.0199,100,4,20
0.98321,125,4,20
0.95977,150,4,20
0.81911,175,4,20
1.0025,200,4,20
1.0358,225,4,20
0.96415,250,4,20
1.1036,275,4,20
0.89093,300,4,20
0.91659,325,4,20
1.0563,350,4,20
0.87251,375,4,20
0.89846,400,4,20
0.9155,425,4,20
0.92052,450,4,20
0.87432,475,4,20
0.89936,500,4,20
0.75901,525,4,20
0.84038,550,4,20
0.88753,575,4,20
0.79076,600,4,20
0.78228,625,4,20
1.0345,650,4,20
0.81368,675,4,20
0.9376,700,4,20
0.81935,725,4,20
0.87429,750,4,20
0.92041,775,4,20
0.63665,800,4,20
0.93093,825,4,20
0.80592,850,4,20
1.0069,875,4,20
0.90204,900,4,20
0.75229,925,4,20
0.60811,950,4,20
0.66538,975,4,20
0.74409,1000,4,20
0.79037,1025,4,20
0.70785,1050,4,20
0.63164,1075,4,20
0.64328,1100,4,20
0.79891,1125,4,20
0.61882,1150,4,20
0.58125,1175,4,20
0.67856,1200,4,20
0.81497,1225,4,20
0.65841,1250,4,20
0.71376,1275,4,20
0.64963,1300,4,20
0.486,1325,4,20
0.75882,1350,4,20
0.7158,1375,4,20
0.55218,1400,4,20
0.78792,1425,4,20
0.60561,1450,4,20
0.57143,1475,4,20
0.76498,1500,4,20
0.55171,1525,4,20
0.66238,1550,4,20
0.52839,1575,4,20
0.64745,1600,4,20
0.62642,1625,4,20
0.651,1650,4,20
0.6058,1675,4,20
0.57442,1700,4,20
0.6177,1725,4,20
0.60144,1750,4,20
0.6593,1775,4,20
0.53748,1800,4,20
0.71169,1825,4,20
0.73427,1850,4,20
0.61814,1875,4,20
1.0916,1900,4,20
0.87714,1925,4,20
0.70347,1950,4,20
0.60328,1975,4,20
0.56849,2000,4,20
