NaN
0.3492
0.36776
0.37115
NaN
0.25896
0.32993
0.28888
NaN
0.34354
0.26341
0.26909
0.36099
0.39567
NaN
0.3132
0.25917
NaN
NaN
NaN
0.21303
0.31028
0.35359
0.26896
0.43334
NaN
NaN
0.30416
0.32398
0.26964
0.36428
0.32454
NaN
0.40053
0.27278
0.54583
0.2518
0.34083
0.23183
NaN
0.40332
0.39195
0.22872
0.37655
0.2975
0.40393
0.34902
0.37937
0.33137
0.32482
0.26653
0.24684
0.33752
0.42643
0.49861
0.45716
0.35473
0.34285
0.46004
0.27162
0.36764
0.33997
0.37376
0.36277
0.31201
0.30143
0.36962
0.30747
0.33707
0.5437
0.21543
0.30496
NaN
0.3228
0.38004
0.40597
0.39722
0.37622
0.37763
0.44743
0.29998
0.65657
0.5312
0.32179
0.55238
NaN
NaN
0.49708
0.32497
0.42778
0.44699
0.33849
NaN
0.56715
0.394
0.47015
0.39692
0.47512
0.32777
NaN
0.41905
0.39326
0.30498
0.33707
0.49508
0.64237
0.41716
0.49031
0.41812
0.52371
0.44887
0.43605
0.33141
0.60401
0.58146
0.6778
0.32849
0.30561
0.54158
0.35983
0.47379
0.42829
0.34649
0.33952
0.35228
0.46245
0.38921
0.66133
0.47322
0.75212
0.39728
0.39441
NaN
0.52702
0.45489
0.68878
0.42752
0.38721
0.50064
0.29933
0.48672
NaN
NaN
NaN
NaN
NaN
NaN
NaN
NaN
NaN
NaN
NaN
NaN
NaN
NaN
NaN
NaN
NaN
NaN
NaN
NaN
NaN
0.52479
0.6301
0.33596
0.56079
NaN
NaN
0.68385
0.37622
0.48285
0.39814
0.37539
NaN
0.45111
0.4891
0.52741
0.36851
0.52235
0.44725
NaN
0.56231
0.42341
0.33144
0.27685
0.59017
0.52423
0.41129
0.56719
0.54134
0.52512
0.50043
0.49361
0.42178
0.50254
0.63277
0.69585
0.39069
0.32464
0.71336
0.37152
0.41112
0.44854
0.5589
0.45802
0.33476
0.41018
0.41464
0.61632
0.45165
0.70578
0.45851
0.44994
NaN
0.64743
0.72326
0.52232
0.36828
0.50411
0.47749
0.35734
0.6113
NaN
NaN
NaN
NaN
NaN
NaN
NaN
NaN
NaN
NaN
NaN
NaN
NaN
NaN
NaN
NaN
NaN
NaN
NaN
NaN
NaN
0.68223
0.55264
0.44504
0.60026
NaN
NaN
0.7511
0.44604
0.49232
0.4595
0.35981
NaN
0.50361
0.61845
0.56441
0.46265
0.41279
0.56695
NaN
0.56469
0.52977
0.36682
0.36634
0.54087
0.65469
0.50939
0.61572
0.62437
0.59677
0.50326
0.47632
0.34156
0.52387
0.8628
0.45554
0.4709
0.30865
0.60663
0.49315
0.51242
0.47944
0.48378
0.48285
0.39114
0.52408
0.53964
0.76305
0.31944
0.8426
0.57362
0.59945
NaN
0.64442
0.59126
0.74045
0.50733
0.51802
0.725
0.38888
0.5304
NaN
NaN
NaN
NaN
NaN
NaN
NaN
NaN
NaN
NaN
NaN
NaN
NaN
NaN
NaN
NaN
NaN
NaN
NaN
NaN
NaN
0.84899
0.76319
0.36275
0.77006
NaN
NaN
0.63898
0.46633
0.53528
0.53471
0.44971
NaN
0.71543
0.46456
0.63008
0.44473
0.61904
0.58872
NaN
0.62928
0.73479
0.3335
0.35968
0.6459
0.6579
0.58313
0.70105
0.54139
0.58479
0.53199
0.57061
0.38944
0.42222
0.89375
0.42778
0.38558
0.33909
0.79502
0.55755
0.41967
0.47984
0.5831
0.46986
0.401
0.53434
0.55416
0.66106
0.35958
0.89805
0.5282
0.61504
NaN
0.57609
0.70965
0.74237
0.44536
0.50589
0.65821
0.37606
0.55558
NaN
NaN
NaN
NaN
NaN
NaN
NaN
NaN
NaN
NaN
NaN
NaN
NaN
NaN
NaN
NaN
NaN
NaN
NaN
NaN
NaN
0.46651
0.45148
0.5093
0.35418
0.50383
0.61812
0.49521
0.27038
0.83152
0.55396
0.78718
NaN
0.65527
0.8031
0.73559
0.44188
0.65059
0.50116
0.51832
0.58709
NaN
NaN
NaN
NaN
NaN
NaN
NaN
NaN
NaN
NaN
NaN
NaN
NaN
NaN
NaN
NaN
NaN
NaN
NaN
NaN
NaN
NaN
NaN
NaN
NaN
NaN
NaN
NaN
NaN
NaN
NaN
NaN
NaN
NaN
NaN
NaN
NaN
NaN
NaN
NaN
NaN
NaN
NaN
NaN
NaN
NaN
NaN
NaN
NaN
NaN
NaN
NaN
NaN
NaN
NaN
NaN
NaN
NaN
NaN
NaN
NaN
0.61065
0.45012
0.46235
0.43705
0.44054
0.71232
0.68554
0.26979
0.77308
0.65367
0.49956
NaN
0.86872
0.78427
0.6608
0.42321
0.56599
0.647
0.43361
0.61023
NaN
NaN
NaN
NaN
NaN
NaN
NaN
NaN
NaN
NaN
NaN
NaN
NaN
NaN
NaN
NaN
NaN
NaN
NaN
NaN
NaN
NaN
NaN
NaN
NaN
NaN
NaN
NaN
NaN
NaN
NaN
NaN
NaN
NaN
NaN
NaN
NaN
NaN
NaN
NaN
NaN
NaN
NaN
NaN
NaN
NaN
NaN
NaN
NaN
NaN
NaN
NaN
NaN
NaN
NaN
NaN
NaN
NaN
NaN
NaN
NaN
0.48062
0.6725
0.58071
0.47087
0.77714
0.59746
0.86023
0.50616
0.86151
0.59578
0.36664
NaN
0.75865
0.88984
0.8266
0.46618
0.71827
0.82924
0.55625
0.6672
NaN
NaN
NaN
NaN
NaN
NaN
NaN
NaN
NaN
NaN
NaN
NaN
NaN
NaN
NaN
NaN
NaN
NaN
NaN
NaN
NaN
NaN
NaN
NaN
NaN
NaN
NaN
NaN
NaN
NaN
NaN
NaN
NaN
NaN
NaN
NaN
NaN
NaN
NaN
NaN
NaN
NaN
NaN
NaN
NaN
NaN
NaN
NaN
NaN
NaN
NaN
NaN
NaN
NaN
NaN
NaN
NaN
NaN
NaN
NaN
NaN
0.53967
0.39927
0.48209
0.54488
0.54873
0.64397
0.73336
0.43482
0.88941
0.62145
0.73987
NaN
0.72352
0.86989
0.84306
0.34497
0.59421
0.792
0.51024
0.71544
NaN
NaN
NaN
NaN
NaN
NaN
NaN
NaN
NaN
NaN
NaN
NaN
NaN
NaN
NaN
NaN
NaN
NaN
NaN
NaN
NaN
NaN
NaN
NaN
NaN
NaN
NaN
NaN
NaN
NaN
NaN
NaN
NaN
NaN
NaN
NaN
NaN
NaN
NaN
NaN
NaN
NaN
NaN
NaN
NaN
NaN
NaN
NaN
NaN
NaN
NaN
NaN
NaN
NaN
NaN
NaN
NaN
NaN
NaN
NaN
NaN
0.48649
0.61342
0.55909
0.51632
0.71624
0.68751
0.89547
0.59288
0.80483
0.62458
0.62797
NaN
0.63216
0.88756
0.7023
0.61362
0.46232
0.6904
0.45107
0.74417
NaN
NaN
NaN
NaN
NaN
NaN
NaN
NaN
NaN
NaN
NaN
NaN
NaN
NaN
NaN
NaN
NaN
NaN
NaN
NaN
NaN
NaN
NaN
NaN
NaN
NaN
NaN
NaN
NaN
NaN
NaN
NaN
NaN
NaN
NaN
NaN
NaN
NaN
NaN
NaN
NaN
NaN
NaN
NaN
NaN
NaN
NaN
NaN
NaN
NaN
NaN
NaN
NaN
NaN
NaN
NaN
NaN
NaN
NaN
NaN
NaN
NaN
0.59049
0.47271
0.39152
NaN
0.37104
0.43032
0.3455
NaN
0.61543
0.46211
0.41399
0.53831
0.49521
NaN
0.39682
0.35465
NaN
NaN
NaN
0.35477
0.63261
0.5027
0.30526
NaN
NaN
NaN
0.69334
0.39797
0.35752
0.45151
0.33723
NaN
0.5544
0.39348
0.31341
0.27184
0.51602
0.41688
NaN
0.59693
0.37743
0.27285
0.34817
0.44573
0.55063
0.37557
0.44114
0.47853
0.5094
0.4315
0.36945
0.30835
0.42019
0.84936
0.76279
0.32938
0.28632
0.59719
0.30881
0.49806
0.4654
0.55368
0.37204
0.37315
0.44885
0.58639
0.58753
0.45913
NaN
0.39737
0.43406
NaN
0.48674
0.50197
0.6722
0.44364
0.43904
0.44209
0.34216
0.47818
0.82393
0.78453
0.39706
0.61173
NaN
NaN
0.70685
0.55285
0.57428
0.44051
0.41545
NaN
0.47057
0.40784
0.62643
0.39964
0.55515
0.62919
NaN
0.48532
0.49592
NaN
0.34419
0.59178
0.53478
0.47412
0.70648
0.5632
0.59154
0.52314
0.44262
0.38721
0.44269
0.5949
0.73958
0.41592
0.36167
0.85547
0.37584
0.59163
0.46311
0.48761
0.49205
0.38292
0.55039
0.45197
0.65647
0.58118
0.82673
0.52298
0.64981
NaN
0.55104
0.60756
0.82416
0.34717
0.61584
0.30219
0.30253
0.59268
NaN
NaN
NaN
NaN
NaN
NaN
NaN
NaN
NaN
NaN
NaN
NaN
NaN
NaN
NaN
NaN
NaN
NaN
NaN
NaN
NaN
0.79874
0.59795
0.37099
0.73492
NaN
NaN
0.6846
0.41201
0.52011
0.51181
0.33013
NaN
0.56442
0.6408
0.4966
0.52543
0.59665
0.76402
NaN
0.70787
0.60131
0.32175
0.39247
0.64096
0.65292
0.55006
0.4996
0.65285
0.65915
0.6527
0.39874
0.42578
0.5052
0.69905
0.62091
0.40019
0.40485
0.79676
0.57327
0.54726
0.54153
0.68364
0.57147
0.38974
0.55899
0.54145
0.74582
0.30238
0.78849
0.56711
0.6854
NaN
0.67111
0.74473
0.81484
0.57544
0.54517
0.69454
0.46038
0.63988
NaN
NaN
NaN
NaN
NaN
NaN
NaN
NaN
NaN
NaN
NaN
NaN
NaN
NaN
NaN
NaN
NaN
NaN
NaN
NaN
NaN
0.78914
0.75066
0.39417
0.7725
NaN
NaN
0.70242
0.47864
0.67271
0.51834
0.45051
NaN
0.7492
0.64546
0.36962
0.55824
0.73305
0.77107
NaN
0.58129
0.59549
0.31617
0.36299
0.63588
0.57763
0.6719
0.51769
0.67163
0.72922
0.71771
0.48662
0.50216
0.58555
0.72971
0.59573
0.47107
0.4285
0.83324
0.55116
0.63381
0.62548
0.52413
0.5009
0.45321
0.56549
0.45193
0.88978
0.42046
0.86573
0.56199
0.77155
NaN
0.53194
0.79644
0.79876
0.45979
0.53638
0.456
0.44262
0.75129
NaN
NaN
NaN
NaN
NaN
NaN
NaN
NaN
NaN
NaN
NaN
NaN
NaN
NaN
NaN
NaN
NaN
NaN
NaN
NaN
NaN
0.85411
0.7333
0.43928
0.87744
NaN
NaN
0.73612
0.67974
0.64076
0.57103
0.50731
NaN
0.87957
0.51793
0.32442
0.49827
0.67824
0.7951
NaN
0.73977
0.53635
0.39284
0.37333
0.6648
0.66664
0.7199
0.49475
0.58076
0.82308
0.66209
0.40566
0.49609
0.40101
0.86412
0.41865
0.53392
0.33357
0.80834
0.56513
0.69882
0.64584
0.63099
0.59794
0.40843
0.43608
0.56074
0.77277
0.33376
0.7863
0.63035
0.7583
NaN
0.68169
0.84925
0.90168
0.45304
0.67048
0.82158
0.52132
0.71795
NaN
NaN
NaN
NaN
NaN
NaN
NaN
NaN
NaN
NaN
NaN
NaN
NaN
NaN
NaN
NaN
NaN
NaN
NaN
NaN
NaN
0.47129
0.33053
0.54329
0.44754
0.39608
0.73446
0.721
0.42652
0.85105
0.64132
0.50798
NaN
0.82671
0.87498
0.77673
0.36046
0.69551
0.68403
0.55315
0.66644
NaN
NaN
NaN
NaN
NaN
NaN
NaN
NaN
NaN
NaN
NaN
NaN
NaN
NaN
NaN
NaN
NaN
NaN
NaN
NaN
NaN
NaN
NaN
NaN
NaN
NaN
NaN
NaN
NaN
NaN
NaN
NaN
NaN
NaN
NaN
NaN
NaN
NaN
NaN
NaN
NaN
NaN
NaN
NaN
NaN
NaN
NaN
NaN
NaN
NaN
NaN
NaN
NaN
NaN
NaN
NaN
NaN
NaN
NaN
NaN
NaN
0.51634
0.42763
0.57282
0.43755
0.62649
0.55356
0.8261
0.30584
0.89475
0.67712
0.77845
NaN
0.64711
0.95948
0.65837
0.43189
0.66484
0.81441
0.63541
0.79368
NaN
NaN
NaN
NaN
NaN
NaN
NaN
NaN
NaN
NaN
NaN
NaN
NaN
NaN
NaN
NaN
NaN
NaN
NaN
NaN
NaN
NaN
NaN
NaN
NaN
NaN
NaN
NaN
NaN
NaN
NaN
NaN
NaN
NaN
NaN
NaN
NaN
NaN
NaN
NaN
NaN
NaN
NaN
NaN
NaN
NaN
NaN
NaN
NaN
NaN
NaN
NaN
NaN
NaN
NaN
NaN
NaN
NaN
NaN
NaN
NaN
0.58091
0.54359
0.55257
0.51617
0.66708
0.6435
0.69349
0.332
0.95837
0.57293
0.48448
NaN
0.82703
0.89244
0.83733
0.37143
0.77894
0.77213
0.60596
0.77311
NaN
NaN
NaN
NaN
NaN
NaN
NaN
NaN
NaN
NaN
NaN
NaN
NaN
NaN
NaN
NaN
NaN
NaN
NaN
NaN
NaN
NaN
NaN
NaN
NaN
NaN
NaN
NaN
NaN
NaN
NaN
NaN
NaN
NaN
NaN
NaN
NaN
NaN
NaN
NaN
NaN
NaN
NaN
NaN
NaN
NaN
NaN
NaN
NaN
NaN
NaN
NaN
NaN
NaN
NaN
NaN
NaN
NaN
NaN
NaN
NaN
0.71972
0.5375
0.55096
0.42899
0.7617
0.66016
0.84993
0.46605
0.7834
0.59969
0.44366
NaN
0.83419
0.86871
0.91696
0.45485
0.79152
0.76636
0.5676
0.86156
NaN
NaN
NaN
NaN
NaN
NaN
NaN
NaN
NaN
NaN
NaN
NaN
NaN
NaN
NaN
NaN
NaN
NaN
NaN
NaN
NaN
NaN
NaN
NaN
NaN
NaN
NaN
NaN
NaN
NaN
NaN
NaN
NaN
NaN
NaN
NaN
NaN
NaN
NaN
NaN
NaN
NaN
NaN
NaN
NaN
NaN
NaN
NaN
NaN
NaN
NaN
NaN
NaN
NaN
NaN
NaN
NaN
NaN
NaN
NaN
NaN
0.64574
0.62615
0.7592
0.73561
0.74974
0.71813
NaN
0.6258
0.91873
0.64926
0.55058
NaN
0.89008
0.8474
0.85539
0.37728
0.75775
0.87672
0.57935
0.73172
NaN
NaN
NaN
NaN
NaN
NaN
NaN
NaN
NaN
NaN
NaN
NaN
NaN
NaN
NaN
NaN
NaN
NaN
NaN
NaN
NaN
NaN
NaN
NaN
NaN
NaN
NaN
NaN
NaN
NaN
NaN
NaN
NaN
NaN
NaN
NaN
NaN
NaN
NaN
NaN
NaN
NaN
NaN
NaN
NaN
NaN
NaN
NaN
NaN
NaN
NaN
NaN
NaN
NaN
NaN
NaN
NaN
NaN
NaN
NaN
NaN
