NaN
NaN
NaN
0.27136
NaN
NaN
NaN
NaN
NaN
NaN
NaN
NaN
NaN
NaN
NaN
NaN
NaN
NaN
NaN
NaN
NaN
NaN
NaN
NaN
0.2977
NaN
0.42756
NaN
NaN
NaN
0.26816
NaN
0.47768
0.34582
0.33258
NaN
NaN
0.32688
NaN
NaN
NaN
NaN
NaN
NaN
NaN
0.28217
0.49238
NaN
0.37513
NaN
NaN
NaN
NaN
NaN
0.21331
NaN
NaN
0.36541
NaN
NaN
0.34649
0.42734
NaN
0.21621
NaN
NaN
0.25888
0.31167
NaN
0.26129
NaN
NaN
0.25093
0.37161
0.26796
NaN
0.2885
NaN
NaN
0.35333
NaN
NaN
NaN
0.26596
0.21897
NaN
0.32099
0.31842
0.18216
0.22707
0.48687
NaN
0.35165
0.29031
0.31896
NaN
NaN
0.31252
NaN
0.25263
0.42516
0.28212
0.42326
NaN
0.32532
0.32429
0.32537
0.32812
NaN
NaN
0.51886
NaN
0.38378
0.31233
0.2742
0.37861
0.20399
0.34222
NaN
0.24826
0.35417
0.61664
NaN
0.23227
NaN
NaN
0.31384
NaN
0.34012
0.31326
NaN
NaN
0.32357
0.41225
0.22667
NaN
0.2672
NaN
NaN
0.31852
NaN
NaN
NaN
0.25176
0.283
NaN
0.39405
0.37614
0.3013
0.33187
0.43761
NaN
0.27244
0.28365
0.30457
NaN
NaN
0.22326
NaN
0.35872
0.26135
0.18935
0.51291
0.37562
0.2421
0.28116
0.29136
0.44001
0.37116
NaN
0.46956
NaN
0.26303
0.30576
0.2772
0.57443
0.3024
0.22591
NaN
0.30866
0.27683
0.36256
0.30861
0.23824
NaN
NaN
0.34413
0.24035
0.2723
0.33219
0.25754
NaN
0.25393
NaN
0.29573
0.27918
0.28569
0.27309
NaN
0.27899
0.30831
NaN
NaN
0.24786
0.23382
0.2823
0.35532
0.37068
0.25508
0.31405
0.40566
NaN
0.2683
0.26366
0.27346
0.43005
0.33945
0.2508
NaN
0.26354
0.31774
0.25501
0.31143
NaN
0.17734
0.32689
0.27711
0.34344
0.3854
0.22611
0.54415
NaN
0.25827
0.28613
0.24561
NaN
0.2838
NaN
NaN
0.30739
0.24354
0.61751
NaN
0.28423
NaN
NaN
0.38357
0.39087
0.25076
0.50713
0.24842
NaN
0.28029
0.58802
0.28553
0.37726
0.30202
0.40419
NaN
0.30748
0.31206
NaN
NaN
0.30833
0.29624
0.16446
0.36176
0.30325
0.35242
0.34723
0.33217
NaN
0.4982
0.25573
0.31192
0.26125
NaN
0.25835
NaN
0.34428
0.21377
0.31788
0.37847
NaN
0.23915
0.27439
0.27704
0.32792
0.34526
NaN
0.54416
NaN
0.27908
0.27425
0.27935
0.24277
0.28032
0.41928
NaN
0.34043
0.27774
0.28549
NaN
0.23272
NaN
NaN
0.37172
0.37412
0.2671
0.3212
NaN
NaN
0.37054
0.38314
NaN
0.32496
0.37679
0.25827
NaN
0.27205
0.23233
NaN
NaN
0.32013
0.28173
0.27089
0.30867
0.33682
0.31001
0.31706
0.39797
0.15653
0.3843
0.2565
0.27695
0.41061
0.31392
0.25186
0.37077
0.28519
0.34973
0.25844
0.34086
0.26028
0.29338
0.31941
0.29713
NaN
0.38487
0.27214
1.0561
NaN
0.26856
0.28268
0.24977
0.29067
0.27938
0.29627
0.34549
0.28857
0.28115
0.58448
0.49928
0.25256
NaN
NaN
0.31807
0.29197
0.22665
0.23672
NaN
NaN
0.29047
0.44759
0.32472
0.51447
0.29286
0.28054
NaN
0.24199
0.27808
NaN
NaN
0.34527
0.28241
0.22497
0.42464
0.3232
0.28909
0.26785
0.33307
0.42732
0.42636
0.22687
0.27806
0.35424
NaN
0.31201
0.26531
0.27603
0.31215
0.27752
0.33255
NaN
0.26997
0.30367
0.24334
NaN
0.33726
0.2645
0.89962
NaN
0.2486
0.28875
0.23947
0.48136
0.28126
0.33605
0.63771
0.24996
0.27436
0.46293
0.34513
0.24077
NaN
NaN
0.2679
0.25925
0.26207
0.41937
0.34905
NaN
0.31797
0.48553
0.29045
0.32846
0.35636
0.27487
NaN
0.37494
0.30748
NaN
NaN
0.28704
0.24816
0.30442
0.35601
0.29526
0.264
0.38331
0.27351
0.24154
0.42552
0.25448
0.27489
0.33125
0.50743
0.2416
0.38495
0.27328
0.32866
0.33319
0.32363
NaN
0.26141
0.20835
0.25861
0.42337
0.36366
0.31139
0.84518
NaN
0.32052
0.24075
0.23624
0.34354
0.7394
0.37
0.28994
0.25387
0.27518
0.28573
0.35564
0.21791
NaN
NaN
0.28772
0.21713
0.27036
0.23842
0.215
NaN
0.29649
0.37005
0.30231
0.40822
0.33626
0.31089
NaN
0.30489
0.22377
NaN
NaN
0.26279
0.26743
0.27681
0.41316
0.37304
0.31095
0.49253
0.38277
0.22921
0.37119
0.25136
0.35102
0.33872
NaN
0.2872
0.28838
0.31034
0.47668
0.23686
0.41311
0.4547
0.29247
0.21761
0.27177
NaN
0.30356
0.2611
0.44526
NaN
0.21181
0.24392
0.27526
0.26875
0.33316
0.30681
NaN
0.32415
0.25459
0.3187
0.4041
0.23821
NaN
NaN
0.26924
0.21647
0.21134
0.38254
0.20919
NaN
0.29259
0.44389
0.43477
0.38018
0.27642
0.27638
NaN
0.29042
0.33164
NaN
NaN
0.24243
0.25095
0.26113
0.35384
0.35718
0.27409
0.44001
0.29546
0.30361
0.32415
0.2329
0.32178
0.37489
NaN
0.25247
0.31234
0.30143
0.3021
0.27228
0.35038
0.33191
0.34733
0.27995
0.23078
NaN
0.30547
0.24602
0.47511
NaN
0.21615
0.2167
0.25459
0.29123
0.29734
0.28309
0.29763
0.28906
NaN
NaN
NaN
NaN
NaN
NaN
NaN
NaN
NaN
NaN
NaN
NaN
NaN
NaN
NaN
NaN
NaN
NaN
NaN
NaN
NaN
NaN
NaN
NaN
NaN
NaN
NaN
NaN
NaN
NaN
NaN
NaN
NaN
NaN
NaN
NaN
NaN
NaN
NaN
NaN
0.3044
0.28855
0.45135
0.30922
0.30012
0.23229
0.3417
NaN
0.3307
0.28519
0.53255
NaN
0.22885
0.23547
0.26116
0.32705
0.29174
0.2986
0.4005
0.28215
NaN
NaN
NaN
NaN
NaN
NaN
NaN
NaN
NaN
NaN
NaN
NaN
NaN
NaN
NaN
NaN
NaN
NaN
NaN
NaN
NaN
NaN
NaN
NaN
NaN
NaN
NaN
NaN
NaN
NaN
NaN
NaN
NaN
NaN
NaN
NaN
NaN
NaN
NaN
NaN
0.32505
0.63506
0.42475
0.29634
0.3526
0.22176
0.2666
0.28491
0.36344
0.31854
0.46382
NaN
0.2679
0.21764
0.24774
0.35344
0.24573
0.31383
0.33169
0.2448
NaN
NaN
NaN
NaN
NaN
NaN
NaN
NaN
NaN
NaN
NaN
NaN
NaN
NaN
NaN
NaN
NaN
NaN
NaN
NaN
NaN
NaN
NaN
NaN
NaN
NaN
NaN
NaN
NaN
NaN
NaN
NaN
NaN
NaN
NaN
NaN
NaN
NaN
NaN
NaN
0.27007
0.2409
0.49908
0.36402
0.31899
0.25543
0.26383
NaN
0.33984
0.28579
0.62183
NaN
0.268
0.25582
0.23141
NaN
0.29036
0.27975
0.35373
0.25916
NaN
NaN
NaN
NaN
NaN
NaN
NaN
NaN
NaN
NaN
NaN
NaN
NaN
NaN
NaN
NaN
NaN
NaN
NaN
NaN
NaN
NaN
NaN
NaN
NaN
NaN
NaN
NaN
NaN
NaN
NaN
NaN
NaN
NaN
NaN
NaN
NaN
NaN
NaN
NaN
0.30632
0.22686
0.35596
0.32557
0.28193
0.26977
0.21193
NaN
0.34072
0.27809
0.43515
NaN
0.26004
0.22579
0.24857
0.34174
0.28031
0.28439
0.34467
0.25766
NaN
NaN
NaN
NaN
NaN
NaN
NaN
NaN
NaN
NaN
NaN
NaN
NaN
NaN
NaN
NaN
NaN
NaN
NaN
NaN
NaN
NaN
NaN
NaN
NaN
NaN
NaN
NaN
NaN
NaN
NaN
NaN
NaN
NaN
NaN
NaN
NaN
NaN
NaN
NaN
0.28603
0.26726
0.54034
0.42063
0.27371
0.23758
0.25795
0.25637
0.33722
0.25929
0.61786
NaN
0.22328
0.23793
0.23443
0.29917
0.33336
0.2902
0.36718
0.29378
NaN
NaN
NaN
NaN
NaN
NaN
NaN
NaN
NaN
NaN
NaN
NaN
NaN
NaN
NaN
NaN
NaN
NaN
NaN
NaN
NaN
NaN
NaN
NaN
NaN
NaN
NaN
NaN
NaN
NaN
NaN
NaN
NaN
NaN
NaN
NaN
NaN
NaN
NaN
NaN
0.23733
0.23597
0.48058
0.34431
0.31172
0.22308
0.27174
0.30194
0.33253
0.33368
0.72093
NaN
0.2931
0.24722
0.23637
0.3437
0.26946
0.28282
0.34925
0.24382
NaN
NaN
NaN
NaN
NaN
NaN
NaN
NaN
NaN
NaN
NaN
NaN
NaN
NaN
NaN
NaN
NaN
NaN
NaN
NaN
NaN
NaN
NaN
NaN
NaN
NaN
NaN
NaN
NaN
NaN
NaN
NaN
NaN
NaN
NaN
NaN
NaN
NaN
NaN
NaN
0.23547
0.37153
0.36035
0.32893
0.29233
0.23714
0.29416
0.25791
0.33201
0.29244
0.44371
NaN
0.21166
0.24717
0.24756
0.29173
0.29807
0.26729
0.30819
0.24921
NaN
NaN
NaN
NaN
NaN
NaN
NaN
NaN
NaN
NaN
NaN
NaN
NaN
NaN
NaN
NaN
NaN
NaN
NaN
NaN
NaN
NaN
NaN
NaN
NaN
NaN
NaN
NaN
NaN
NaN
NaN
NaN
NaN
NaN
NaN
NaN
NaN
NaN
NaN
NaN
0.26049
0.31725
0.43915
0.48755
0.27618
0.25494
0.22544
0.26247
0.35075
0.25142
0.41226
NaN
0.23487
0.2369
0.2347
0.26347
0.29521
0.27267
0.43187
0.25782
NaN
NaN
NaN
NaN
NaN
NaN
NaN
NaN
NaN
NaN
NaN
NaN
NaN
NaN
NaN
NaN
NaN
NaN
NaN
NaN
NaN
NaN
NaN
NaN
NaN
NaN
NaN
NaN
NaN
NaN
NaN
NaN
NaN
NaN
NaN
NaN
NaN
NaN
NaN
NaN
0.30152
0.29763
0.36058
0.37378
0.29717
0.25368
0.23744
0.27824
0.31942
0.37026
0.40972
NaN
0.2083
0.25307
0.23088
0.33
0.36196
0.31397
0.35919
0.26438
NaN
NaN
NaN
NaN
NaN
NaN
NaN
NaN
NaN
NaN
NaN
NaN
NaN
NaN
NaN
NaN
NaN
NaN
NaN
NaN
NaN
NaN
NaN
NaN
NaN
NaN
NaN
NaN
NaN
NaN
NaN
NaN
NaN
NaN
NaN
NaN
NaN
NaN
NaN
NaN
0.25414
0.24797
0.36935
0.37837
0.24814
0.25159
NaN
0.31154
0.30573
0.30847
0.7297
NaN
0.21832
0.20278
0.24126
0.27274
0.33765
0.26097
0.35992
0.23116
0.90511
0.65721
0.93535
0.58945
1.1341
NaN
1.2735
0.81475
0.7734
0.98637
0.89678
1.3148
0.71713
1.211
0.8503
1.2726
1.0023
1.3803
0.7579
0.61979
0.78924
NaN
NaN
1.3611
0.54504
0.80884
1.1196
0.90291
0.9003
0.70214
1.2026
0.92224
0.62457
1.106
0.95855
1.0875
0.89914
0.72141
1.3033
0.64711
0.94826
0.66277
1.1467
1.1455
1.2023
1.5752
0.89867
1.5032
0.84339
1.3034
1.1964
NaN
0.78219
0.80745
0.67069
1.2977
0.84158
0.72675
0.79558
0.82371
0.57406
0.78621
1.3532
0.3916
0.64372
NaN
0.70295
0.67415
0.78748
0.68305
0.77948
0.88087
0.59407
1.0254
0.90777
0.52498
0.65257
0.87097
0.89735
0.64736
0.76985
NaN
NaN
0.72884
0.52299
0.84467
0.98461
0.76248
0.61636
0.78737
1.253
1.2283
0.77977
0.51572
0.58768
0.64475
1.4491
0.62843
0.82682
1.0443
0.57955
0.44248
0.95724
0.76998
0.5494
0.99004
0.55942
0.73195
NaN
0.8211
1.0711
NaN
0.70765
0.70448
0.56786
1.1687
0.81357
0.85905
1.5496
0.47389
0.57279
0.92876
1.6457
0.56703
0.56775
NaN
0.69305
1.1282
0.84401
0.70701
0.72051
1.5848
0.80809
1.1034
0.68492
0.86708
0.71219
0.7292
0.74328
0.78015
0.95901
NaN
NaN
0.74698
0.43493
0.75755
0.66611
0.89032
0.5425
0.58381
0.95954
0.97721
0.64233
0.52146
0.45556
0.93706
1.1
0.72505
1.2566
0.74878
0.70734
0.58505
0.78038
0.86855
0.65493
1.2073
0.55406
0.62733
1.4056
0.60003
1.2448
NaN
0.54545
0.86982
0.49088
1.2094
0.81433
0.95186
2.6115
0.53268
0.42208
0.51785
1.1197
0.5472
0.53484
NaN
0.59249
0.51743
0.79255
0.82575
0.57779
2.3588
0.97351
1.0567
0.61564
0.68228
0.70388
0.47938
0.7436
0.70002
0.59811
NaN
NaN
0.44975
0.55648
0.47551
0.57054
0.69171
0.47471
0.61474
0.91881
0.82358
0.63233
0.81394
0.59665
0.7629
1.0792
0.57903
0.89254
0.72819
0.72354
0.57664
0.68756
1.1998
0.49574
0.98898
0.47981
0.5333
0.70794
0.5008
0.96705
NaN
0.58383
0.75055
0.40482
1.5074
0.47929
1.6136
2.0034
0.41433
0.79497
0.78406
1.3961
0.59935
0.60484
NaN
0.54783
0.66375
0.6371
0.91014
0.70682
1.6768
0.68182
1.5155
0.79365
0.5899
0.9535
0.70947
0.80706
0.65607
0.68649
NaN
NaN
0.43584
0.44758
0.53367
0.55973
0.75519
0.59898
0.58879
1.0047
0.60729
0.69071
0.72209
0.48654
0.95497
0.76453
0.58562
0.97388
0.86324
1.1566
0.49693
0.75868
1.2479
0.60338
0.98543
0.43925
0.80725
0.64814
0.63285
1.1356
NaN
0.50556
0.70536
0.44268
1.3662
0.66906
0.78838
0.91847
0.50814
0.41007
0.65773
1.3888
0.41435
0.5304
NaN
0.68263
0.89484
0.87599
0.98574
0.64509
2.3994
0.78822
1.2187
0.96389
0.76989
0.79435
0.46516
0.91585
0.68908
0.68165
NaN
NaN
0.46129
0.43768
0.51672
0.58406
0.47814
0.58899
0.51196
0.90627
0.67848
0.71522
0.53923
0.93558
0.75034
1.2053
0.61974
0.6436
0.73673
0.65717
0.43839
0.98309
1.0441
0.65107
0.74193
0.54708
2.0794
0.61243
0.62299
0.88704
NaN
0.50218
0.76285
0.31531
0.60499
0.49359
0.63021
0.66965
0.4807
0.48972
0.9742
0.70827
0.59623
0.80976
NaN
0.56865
0.78177
0.66649
0.73365
0.92097
2.6109
0.53729
0.90232
0.7182
0.54968
0.88386
0.53623
0.59021
0.58706
0.59064
NaN
NaN
0.52395
0.45983
0.56388
0.59799
0.70654
0.48223
0.66972
1.0175
0.66156
0.81254
0.56423
0.80619
1.0399
1.0005
0.77129
0.7175
0.8012
1.2255
0.92208
0.59119
0.96995
0.67372
0.80356
0.77922
1.2592
0.53198
0.49718
1.028
NaN
0.60475
0.72054
0.42082
0.79663
0.69357
0.59968
0.98731
0.56432
0.49769
0.55435
1.0576
0.39527
0.64902
NaN
0.61262
0.5302
0.43392
0.98243
0.63364
2.9754
0.45846
0.95785
0.87921
0.68538
0.70282
0.62204
0.66531
0.64548
0.4273
NaN
NaN
0.45214
0.50159
0.4535
0.55851
0.49324
0.44335
0.52765
0.70122
0.58518
0.89912
0.50357
0.77505
0.69646
0.73603
0.41533
0.76759
0.56097
0.5129
0.80778
0.77639
0.84793
0.55596
0.87562
0.48259
1.2047
0.62148
0.55187
0.82136
NaN
0.467
0.47891
0.38891
0.87568
0.63342
0.74083
0.80959
0.41879
0.51625
0.70981
1.2314
0.3831
0.71414
NaN
0.5341
0.65047
0.47518
0.88507
0.54051
2.5408
0.62932
1.1329
0.68034
0.64874
0.92139
0.55677
0.46593
0.62269
0.53415
NaN
NaN
0.38672
0.41779
0.48838
0.60573
0.68167
0.5271
0.53017
0.73505
0.68331
0.94891
0.56118
0.86536
1.2517
0.90672
0.68082
0.52721
0.74091
0.64651
0.4774
0.75663
1.3716
0.62697
0.64592
0.58486
1.1826
0.68862
0.57193
1.2234
NaN
0.53146
0.68767
0.44807
0.80118
0.66811
0.71406
0.91569
0.56883
0.45784
0.5566
0.96794
0.31354
0.68047
NaN
0.40965
0.47622
0.43783
0.91116
0.47612
3.4685
0.47052
0.87072
1.6389
0.55203
0.66792
0.69349
0.43525
0.62309
0.50254
NaN
NaN
0.32281
0.444
0.39132
0.6
0.61533
0.38561
0.58914
0.94558
0.64769
0.81252
0.37968
0.98091
0.67553
0.84014
0.606
0.46867
0.90109
0.50704
0.5719
0.56757
0.82721
0.92174
0.5687
0.34374
1.2596
0.66205
0.61497
0.97704
NaN
0.42211
0.4597
0.42716
2.0162
0.55881
0.49443
0.66343
0.42041
NaN
NaN
NaN
NaN
NaN
NaN
NaN
NaN
NaN
NaN
NaN
NaN
NaN
NaN
NaN
NaN
NaN
NaN
NaN
NaN
NaN
NaN
NaN
NaN
NaN
NaN
NaN
NaN
NaN
NaN
NaN
NaN
NaN
NaN
NaN
NaN
NaN
NaN
NaN
NaN
0.59234
0.72818
0.71909
1.0257
0.94455
0.83892
0.67642
2.7429
0.94846
1.0577
0.73375
NaN
0.47966
0.49078
0.4361
0.63297
0.75112
0.66041
0.73542
0.44559
NaN
NaN
NaN
NaN
NaN
NaN
NaN
NaN
NaN
NaN
NaN
NaN
NaN
NaN
NaN
NaN
NaN
NaN
NaN
NaN
NaN
NaN
NaN
NaN
NaN
NaN
NaN
NaN
NaN
NaN
NaN
NaN
NaN
NaN
NaN
NaN
NaN
NaN
NaN
NaN
0.66468
0.91826
0.58729
0.72442
1.2223
0.52933
0.48342
1.7143
0.54781
0.79425
2.5675
NaN
0.39005
0.72038
0.35369
1.4451
0.68643
0.50105
0.6915
0.41981
NaN
NaN
NaN
NaN
NaN
NaN
NaN
NaN
NaN
NaN
NaN
NaN
NaN
NaN
NaN
NaN
NaN
NaN
NaN
NaN
NaN
NaN
NaN
NaN
NaN
NaN
NaN
NaN
NaN
NaN
NaN
NaN
NaN
NaN
NaN
NaN
NaN
NaN
NaN
NaN
0.53182
0.6305
0.81399
0.69835
0.83717
0.47519
0.54472
1.9461
0.60696
0.54298
1.239
NaN
0.40076
0.57268
0.48385
0.75448
0.77178
0.57176
0.77122
0.45301
NaN
NaN
NaN
NaN
NaN
NaN
NaN
NaN
NaN
NaN
NaN
NaN
NaN
NaN
NaN
NaN
NaN
NaN
NaN
NaN
NaN
NaN
NaN
NaN
NaN
NaN
NaN
NaN
NaN
NaN
NaN
NaN
NaN
NaN
NaN
NaN
NaN
NaN
NaN
NaN
0.50802
0.69048
0.60748
0.64572
0.53035
0.61856
0.52258
2.4769
0.69909
0.64518
0.85524
NaN
0.36585
0.48907
0.50342
1.2751
0.65001
0.59839
0.63476
0.43561
NaN
NaN
NaN
NaN
NaN
NaN
NaN
NaN
NaN
NaN
NaN
NaN
NaN
NaN
NaN
NaN
NaN
NaN
NaN
NaN
NaN
NaN
NaN
NaN
NaN
NaN
NaN
NaN
NaN
NaN
NaN
NaN
NaN
NaN
NaN
NaN
NaN
NaN
NaN
NaN
0.74992
0.44854
1.012
0.61714
0.40571
0.74988
0.63495
0.84104
0.883
0.65361
1.0157
NaN
0.56147
0.50916
0.39152
0.8497
0.59796
0.49909
0.75959
0.44026
NaN
NaN
NaN
NaN
NaN
NaN
NaN
NaN
NaN
NaN
NaN
NaN
NaN
NaN
NaN
NaN
NaN
NaN
NaN
NaN
NaN
NaN
NaN
NaN
NaN
NaN
NaN
NaN
NaN
NaN
NaN
NaN
NaN
NaN
NaN
NaN
NaN
NaN
NaN
NaN
0.47091
0.56187
0.75893
0.67419
0.39655
0.70119
0.51021
0.75495
0.57128
1.0601
2.3829
NaN
0.49536
0.84138
0.41656
1.3797
0.57215
0.49482
0.79478
0.47419
NaN
NaN
NaN
NaN
NaN
NaN
NaN
NaN
NaN
NaN
NaN
NaN
NaN
NaN
NaN
NaN
NaN
NaN
NaN
NaN
NaN
NaN
NaN
NaN
NaN
NaN
NaN
NaN
NaN
NaN
NaN
NaN
NaN
NaN
NaN
NaN
NaN
NaN
NaN
NaN
0.65976
0.72052
0.81276
0.79117
0.58383
0.63267
0.45907
0.83858
0.59293
0.7151
0.76585
NaN
0.53743
0.53924
0.45252
0.946
0.8991
0.36703
0.91991
0.42791
NaN
NaN
NaN
NaN
NaN
NaN
NaN
NaN
NaN
NaN
NaN
NaN
NaN
NaN
NaN
NaN
NaN
NaN
NaN
NaN
NaN
NaN
NaN
NaN
NaN
NaN
NaN
NaN
NaN
NaN
NaN
NaN
NaN
NaN
NaN
NaN
NaN
NaN
NaN
NaN
0.5134
0.56069
0.69442
0.85792
0.50161
0.57178
0.58323
0.75476
0.80941
0.62257
1.2529
NaN
0.52557
0.62926
0.37383
1.326
0.609
0.99732
0.89969
0.34729
NaN
NaN
NaN
NaN
NaN
NaN
NaN
NaN
NaN
NaN
NaN
NaN
NaN
NaN
NaN
NaN
NaN
NaN
NaN
NaN
NaN
NaN
NaN
NaN
NaN
NaN
NaN
NaN
NaN
NaN
NaN
NaN
NaN
NaN
NaN
NaN
NaN
NaN
NaN
NaN
0.7197
0.66496
0.66859
0.57331
0.51935
0.68673
0.57946
0.53138
0.77006
0.68732
0.80241
NaN
0.48568
0.60091
0.67513
0.76313
1.013
0.69211
0.85671
0.46765
NaN
NaN
NaN
NaN
NaN
NaN
NaN
NaN
NaN
NaN
NaN
NaN
NaN
NaN
NaN
NaN
NaN
NaN
NaN
NaN
NaN
NaN
NaN
NaN
NaN
NaN
NaN
NaN
NaN
NaN
NaN
NaN
NaN
NaN
NaN
NaN
NaN
NaN
NaN
NaN
0.56183
0.75661
0.40621
0.47485
0.41452
0.84988
NaN
0.54591
0.59089
1.2351
0.92127
NaN
0.67304
0.65947
0.37151
1.6388
0.69051
0.5826
0.79095
0.36579
