1.0402
0.69251
1.8148
0.95976
NaN
NaN
0.82031
1.1166
1.0287
0.70104
0.89884
NaN
1.0508
0.87867
0.73089
1.2148
0.81022
0.90338
NaN
0.99427
1.1977
NaN
1.1879
1.0764
0.78087
1.0178
0.9282
0.66115
0.89134
0.85168
1.1175
0.55837
1.0104
0.90208
1.0381
0.91563
NaN
0.85037
1.0702
0.86275
1.1128
0.77581
1.3346
0.91803
0.66861
0.84943
1.1372
0.86674
NaN
NaN
NaN
NaN
1.3166
0.86294
1.0282
0.9498
0.78158
0.9316
NaN
0.94045
1.1282
0.6288
NaN
0.95164
NaN
NaN
0.8853
1.4421
0.95535
0.92435
0.82762
NaN
0.954
1.0035
0.7696
0.94843
0.74842
0.6422
NaN
0.89995
1.099
NaN
1.7613
1.0246
0.84983
0.89645
1.0273
0.71162
0.83717
0.91161
1.1251
0.74947
0.82976
0.82641
0.68192
1.2488
NaN
0.80434
1.1956
0.93811
0.77962
0.75595
1.1196
1.0646
0.71594
0.72022
0.92861
1.0475
1.0584
1.5202
NaN
NaN
0.8333
1.0903
0.85837
1.4036
1.0882
0.8901
NaN
1.1141
0.75412
0.43736
2.2605
0.80391
NaN
NaN
0.86778
0.83291
0.81807
1.2321
0.72284
NaN
0.95706
0.84991
0.76494
0.9787
0.87299
0.70978
NaN
0.80077
0.78122
NaN
1.8804
0.89549
0.74248
0.89822
0.84202
1.0111
0.74623
0.82348
1.252
1.0578
0.77176
0.75035
0.84279
1.0312
1.3792
0.65562
1.0775
0.94634
1.0028
0.81732
0.67539
0.93804
0.78143
0.80774
0.8183
0.9755
0.82799
0.96682
NaN
NaN
0.82921
0.74498
0.81392
1.3028
0.85869
NaN
NaN
0.90374
0.73285
0.57258
0.99015
1.0035
NaN
NaN
0.88487
1.1498
0.90066
0.82925
0.92627
NaN
0.98396
0.90751
0.69009
0.99862
0.83937
1.003
NaN
0.72312
1.1286
1.6915
1.1894
0.85867
0.98729
0.69579
0.77645
0.88632
1.0857
0.92793
1.2966
0.96706
1.0743
0.78959
0.8907
0.76929
1.3741
0.66228
1.0289
0.90773
0.75804
0.90323
0.92706
0.84447
0.62923
0.84656
0.9134
1.0855
0.94184
0.85959
NaN
NaN
0.92851
0.7692
0.97472
0.86849
0.96399
1.1655
NaN
0.93559
0.75403
0.43294
0.82066
0.86409
NaN
NaN
0.7456
1.3848
0.84506
1.1592
0.87887
NaN
1.0191
1.0534
0.60496
0.98546
1.0851
0.68557
NaN
0.73551
0.86804
NaN
1.5025
0.88198
0.78279
0.76574
0.85083
0.9982
0.87698
0.83524
1.1467
0.89939
1.0501
0.976
0.74613
0.91484
1.0808
0.77372
1.1573
0.87238
1.0844
0.73594
0.80184
1.3127
0.80582
0.94463
0.82039
NaN
0.79958
0.83599
NaN
NaN
0.8627
0.77139
0.78664
0.8537
0.88121
0.85998
NaN
0.80524
0.77383
0.62754
1.2946
0.99872
NaN
NaN
0.74449
0.85634
0.79413
0.88538
0.89543
NaN
0.91482
0.94551
0.74646
0.92248
0.92382
0.86184
NaN
0.68104
0.85669
1.122
NaN
0.75337
0.79214
0.90432
0.90551
0.95357
0.77683
0.89294
1.0022
0.92969
1.1239
0.67064
0.84943
1.2039
0.86495
0.8344
1.2213
1.0146
1.8345
0.92955
0.93439
0.80422
0.82188
0.72992
0.88935
1.0327
0.71624
0.93522
NaN
NaN
0.83701
1.0053
0.91797
1.1303
1.0401
0.82052
NaN
0.74199
0.78019
0.46671
1.3572
0.75817
NaN
NaN
0.91171
0.81558
0.79873
0.92805
0.86783
NaN
0.85228
0.86626
0.89873
0.94469
1.0172
0.74014
NaN
0.81337
0.9159
0.9059
2.1059
0.8358
0.80628
0.98412
0.99082
0.90925
0.87103
0.86634
0.87254
0.80936
0.99853
0.76082
0.81912
1.0543
1.4475
0.66458
1.2964
0.80762
0.83318
1.0903
1.0719
0.73061
0.73655
0.84772
0.75668
1.2853
0.75715
1.0254
NaN
NaN
1.1003
0.74775
0.72437
0.99944
1.4268
0.84901
NaN
0.84121
0.86588
0.49884
1.0477
0.73596
NaN
NaN
0.89195
0.79714
0.81748
0.90477
0.88827
NaN
0.90642
0.7577
0.724
0.96986
0.87816
0.78292
NaN
0.73581
0.94803
1.0075
2.1411
0.81425
0.84672
0.90757
1.0649
0.93883
0.99212
0.92726
0.85886
0.97443
0.99841
0.73875
1.0857
1.215
1.2352
0.76136
1.1495
1.328
0.84546
0.71268
1.1134
0.98663
0.74994
0.69167
0.83641
1.3341
0.6676
1.0281
NaN
NaN
0.77164
0.67735
0.84984
0.75281
1.1548
0.84185
NaN
0.94026
0.89652
0.49064
0.82071
0.73921
NaN
NaN
0.82298
0.7416
0.7547
1.0132
0.83966
NaN
0.80471
0.90082
0.88559
1.1269
0.74431
0.67816
NaN
0.80426
0.97002
1.0582
1.2434
0.84795
0.74088
0.8422
0.95885
0.86906
0.87699
1.0477
0.79633
0.95391
1.0327
0.70857
1.0243
1.2785
1.3062
0.68201
0.91563
0.8519
0.73464
0.79965
0.84387
1.0119
0.7951
0.89984
0.71712
NaN
0.7056
0.70607
NaN
NaN
0.79736
0.64666
0.70768
0.92987
1.0281
0.59955
NaN
0.74353
NaN
NaN
NaN
NaN
NaN
NaN
NaN
NaN
NaN
NaN
NaN
NaN
NaN
NaN
NaN
NaN
NaN
NaN
NaN
NaN
NaN
NaN
NaN
NaN
NaN
NaN
NaN
NaN
NaN
NaN
NaN
NaN
NaN
NaN
NaN
NaN
NaN
NaN
NaN
NaN
0.97951
0.92952
1.0551
0.7336
0.68268
0.74142
1.1371
NaN
0.71708
0.86049
NaN
NaN
0.83301
0.63976
0.75765
0.79936
0.88577
0.94727
NaN
0.91409
NaN
NaN
NaN
NaN
NaN
NaN
NaN
NaN
NaN
NaN
NaN
NaN
NaN
NaN
NaN
NaN
NaN
NaN
NaN
NaN
NaN
NaN
NaN
NaN
NaN
NaN
NaN
NaN
NaN
NaN
NaN
NaN
NaN
NaN
NaN
NaN
NaN
NaN
NaN
NaN
1.0274
1.0352
1.0127
0.76746
0.7658
0.66064
0.82713
0.65398
0.77256
0.71169
NaN
NaN
0.85292
0.6071
0.7926
0.7013
0.7371
0.82211
NaN
0.70164
NaN
NaN
NaN
NaN
NaN
NaN
NaN
NaN
NaN
NaN
NaN
NaN
NaN
NaN
NaN
NaN
NaN
NaN
NaN
NaN
NaN
NaN
NaN
NaN
NaN
NaN
NaN
NaN
NaN
NaN
NaN
NaN
NaN
NaN
NaN
NaN
NaN
NaN
NaN
NaN
0.76605
0.75074
1.0557
0.83405
0.88671
0.8605
0.95792
0.8817
0.67669
0.77867
NaN
NaN
0.87824
0.64477
0.90308
0.67474
0.9058
0.77283
NaN
0.71827
NaN
NaN
NaN
NaN
NaN
NaN
NaN
NaN
NaN
NaN
NaN
NaN
NaN
NaN
NaN
NaN
NaN
NaN
NaN
NaN
NaN
NaN
NaN
NaN
NaN
NaN
NaN
NaN
NaN
NaN
NaN
NaN
NaN
NaN
NaN
NaN
NaN
NaN
NaN
NaN
0.79574
0.751
0.87746
0.71258
0.90778
0.736
0.64453
0.91577
0.6567
0.78165
NaN
NaN
0.78306
0.56882
0.88833
0.62556
0.65196
0.67825
NaN
0.7114
NaN
NaN
NaN
NaN
NaN
NaN
NaN
NaN
NaN
NaN
NaN
NaN
NaN
NaN
NaN
NaN
NaN
NaN
NaN
NaN
NaN
NaN
NaN
NaN
NaN
NaN
NaN
NaN
NaN
NaN
NaN
NaN
NaN
NaN
NaN
NaN
NaN
NaN
NaN
NaN
0.86083
0.83117
0.93641
1.0277
0.64149
0.66548
0.67693
0.98444
0.78133
0.74139
NaN
NaN
0.72327
0.72341
0.80693
0.72268
0.8065
0.78537
NaN
0.84353
NaN
NaN
NaN
NaN
NaN
NaN
NaN
NaN
NaN
NaN
NaN
NaN
NaN
NaN
NaN
NaN
NaN
NaN
NaN
NaN
NaN
NaN
NaN
NaN
NaN
NaN
NaN
NaN
NaN
NaN
NaN
NaN
NaN
NaN
NaN
NaN
NaN
NaN
NaN
NaN
0.66246
0.68786
0.97624
0.97828
0.70476
0.7039
0.99111
0.6885
0.6326
0.80983
NaN
NaN
0.89168
0.79559
0.86447
0.68903
0.66234
0.80687
NaN
0.82882
NaN
NaN
NaN
NaN
NaN
NaN
NaN
NaN
NaN
NaN
NaN
NaN
NaN
NaN
NaN
NaN
NaN
NaN
NaN
NaN
NaN
NaN
NaN
NaN
NaN
NaN
NaN
NaN
NaN
NaN
NaN
NaN
NaN
NaN
NaN
NaN
NaN
NaN
NaN
NaN
0.82409
1.1697
0.96866
0.88892
0.74354
0.572
0.87264
1.024
0.64104
0.67294
NaN
NaN
0.61151
0.65758
0.9065
0.75728
0.73994
0.76475
NaN
0.78612
NaN
NaN
NaN
NaN
NaN
NaN
NaN
NaN
NaN
NaN
NaN
NaN
NaN
NaN
NaN
NaN
NaN
NaN
NaN
NaN
NaN
NaN
NaN
NaN
NaN
NaN
NaN
NaN
NaN
NaN
NaN
NaN
NaN
NaN
NaN
NaN
NaN
NaN
NaN
NaN
0.73531
0.91468
1.0427
1.1488
0.72908
0.73406
0.66545
0.67822
0.71397
0.66946
NaN
NaN
0.76988
0.65146
0.89279
0.71136
0.7058
0.68703
NaN
0.6809
NaN
NaN
NaN
NaN
NaN
NaN
NaN
NaN
NaN
NaN
NaN
NaN
NaN
NaN
NaN
NaN
NaN
NaN
NaN
NaN
NaN
NaN
NaN
NaN
NaN
NaN
NaN
NaN
NaN
NaN
NaN
NaN
NaN
NaN
NaN
NaN
NaN
NaN
NaN
NaN
0.75895
0.83209
0.85993
0.87803
0.7996
0.80135
0.79504
0.85172
0.69115
0.91896
NaN
NaN
0.74286
0.62937
0.84668
0.81857
0.91998
0.79695
NaN
0.844
1.686
1.2853
2.5063
1.0788
1.7728
2.966
1.9134
1.4266
2.3722
1.5593
2.2458
1.8558
1.5335
2.2753
1.5035
1.7238
1.5515
2.1182
1.7052
1.471
2.3087
3.1047
2.6417
2.0622
1.2898
1.8694
1.913
1.9103
1.9638
1.3165
1.8355
1.4057
1.6563
1.8059
1.6166
1.5059
2.1861
2.0178
1.8804
1.8272
1.4366
1.205
1.6484
1.8777
1.3382
2.0438
1.5567
1.6344
NaN
2.2825
NaN
NaN
1.8857
1.5147
1.4531
2.2387
1.9267
1.9412
NaN
1.635
1.5805
0.96853
2.6232
1.5895
1.3317
3.3682
1.5604
2.2909
2.2388
1.8132
2.2021
2.0845
2.3413
2.3405
1.0697
1.7063
1.7855
1.4864
1.5146
2.1129
1.9834
2.7589
2.8086
1.6571
1.5932
1.672
1.5536
1.7958
1.4695
1.5515
1.6056
1.5357
1.3892
1.5339
1.1864
1.8035
2.0754
1.908
2.2867
1.9536
1.8228
1.3748
1.5747
2.2892
1.3442
2.1002
1.5576
1.8924
2.2824
1.878
NaN
NaN
1.5464
2.0191
1.6111
1.9488
1.8894
2.1906
NaN
1.8982
1.4205
0.82227
1.9819
1.3879
1.1406
5.695
1.6195
1.6603
2.293
2.056
1.6506
1.2476
2.3261
2.2478
2.0701
1.8805
1.9443
1.3428
1.3682
1.7307
1.8858
1.3835
3.9618
1.7037
1.6285
1.3083
1.646
1.561
1.5086
1.583
1.7392
1.5636
1.5965
1.912
1.616
1.6467
1.8626
1.7088
1.7987
1.9199
1.56
1.1367
1.4551
2.0063
1.357
1.823
1.4638
1.6815
2.3277
1.4711
NaN
NaN
1.7635
1.5596
1.826
2.6643
1.6014
4.2498
NaN
1.6489
1.7963
0.96975
2.4238
1.7236
1.3043
4.7969
1.8014
1.3995
1.9918
1.9633
2.0353
2.3494
2.0395
3.0171
1.159
2.2034
1.9346
1.6462
1.7255
1.7338
2.1323
2.3852
4.9891
1.4759
1.0351
1.3199
1.5136
1.677
1.6697
1.668
1.5494
1.7279
1.4438
2.0668
1.4897
1.975
1.5954
1.4616
1.8678
2.1677
2.4792
1.3767
1.3656
2.5471
1.4303
1.9061
1.6831
1.9188
2.3182
1.9933
NaN
NaN
2.1224
1.715
1.6623
2.4596
1.5572
1.804
NaN
2.0347
1.0504
0.70989
2.1509
1.2032
1.4517
6.2479
1.7495
1.9333
2.2552
2.0156
2.1257
2.3736
2.1066
2.5727
1.8584
2.2281
1.6334
1.9606
1.6197
1.6895
3.017
3.8131
2.8694
1.7193
1.3217
1.1583
1.6497
1.4236
2.003
1.1244
1.399
1.6105
1.8828
1.6589
2.3116
1.4697
2.0875
1.4371
1.6777
1.523
1.4465
1.2962
1.5946
2.0727
1.4196
1.4195
2.2461
4.9283
1.6428
1.9565
NaN
NaN
1.8039
1.6324
1.1808
1.5041
1.4896
1.3217
NaN
1.6527
1.6545
0.89087
1.9084
2.1955
1.7544
6.478
1.4547
1.9613
1.7223
1.6573
2.1529
1.7938
1.8013
1.4537
1.7922
1.7849
1.5943
1.6299
1.1341
1.3276
2.9461
2.5152
2.6991
1.4728
1.2834
1.8013
1.4633
1.7389
1.1579
1.5122
1.7669
1.8099
2.1548
1.333
2.3066
1.8523
2.0985
2.4751
1.6374
2.0592
2.3445
2.3473
1.4103
2.2033
1.6813
1.5911
2.1223
2.6433
1.3655
1.6449
NaN
NaN
1.9118
1.6133
1.4655
1.7628
2.0159
1.3691
NaN
1.7303
1.3167
0.74785
2.2554
1.3124
1.4395
4.4401
1.7466
1.5876
1.2281
2.2347
1.7913
1.9204
1.8708
1.6539
1.9249
1.6674
1.3372
2.2566
1.2308
1.5648
1.3323
3.988
5.4464
1.4021
1.2462
1.4331
1.4029
1.1774
1.2421
1.7985
1.4989
1.4291
1.6947
1.5821
1.9637
1.5277
1.9853
1.6385
1.8118
1.7219
1.3448
1.821
1.39
1.7103
1.3643
1.2446
1.633
2.2926
2.4487
1.4437
NaN
NaN
1.5476
1.3704
1.3088
2.0961
1.8067
1.8137
NaN
1.3834
1.1895
0.77647
1.7605
1.2422
1.5391
3.5231
1.71
1.5691
1.5112
2.357
1.6483
2.2606
1.7575
2.24
1.359
1.8662
2.1745
1.8845
1.0632
1.3621
1.4921
2.2007
4.0814
1.0628
1.2303
1.4621
1.941
1.2732
1.1827
1.3789
1.4691
1.6315
1.7688
1.7621
1.6233
2.0755
1.962
2.0424
1.5171
1.7419
1.8724
1.7396
1.2412
1.994
1.5776
1.2184
1.6853
2.9502
1.625
1.6913
NaN
NaN
1.7322
1.6998
1.4128
1.7878
2.0915
1.5667
NaN
1.4917
1.4731
0.87874
1.7678
1.1313
1.2519
5.6382
1.2757
1.2782
1.3996
2.1477
1.4803
3.091
1.5629
2.323
2.4599
1.8024
1.8799
1.7138
0.89795
1.3097
1.741
1.8988
2.2451
1.5083
1.2311
0.9239
1.653
1.6042
1.2615
1.6054
1.4625
1.638
1.5094
1.3547
1.7228
1.8265
1.8731
2.4189
1.2281
1.7079
1.3803
1.5633
1.1599
1.9125
1.8165
1.4305
1.5484
2.5322
1.3176
1.6152
NaN
NaN
1.3134
1.488
0.96805
1.9464
1.3646
0.94111
NaN
1.554
NaN
NaN
NaN
NaN
NaN
NaN
NaN
NaN
NaN
NaN
NaN
NaN
NaN
NaN
NaN
NaN
NaN
NaN
NaN
NaN
NaN
NaN
NaN
NaN
NaN
NaN
NaN
NaN
NaN
NaN
NaN
NaN
NaN
NaN
NaN
NaN
NaN
NaN
NaN
NaN
1.3996
1.7925
1.6961
1.9964
2.1025
1.1356
2.133
6.6429
3.0699
3.1849
NaN
NaN
1.4456
1.4407
1.8208
1.7992
1.4327
2.3667
NaN
1.3847
NaN
NaN
NaN
NaN
NaN
NaN
NaN
NaN
NaN
NaN
NaN
NaN
NaN
NaN
NaN
NaN
NaN
NaN
NaN
NaN
NaN
NaN
NaN
NaN
NaN
NaN
NaN
NaN
NaN
NaN
NaN
NaN
NaN
NaN
NaN
NaN
NaN
NaN
NaN
NaN
1.6719
2.2542
1.4233
1.5771
2.0908
1.4583
1.7131
3.6187
1.2821
2.0503
NaN
NaN
1.8419
1.2811
1.2719
2.4987
1.4674
1.2874
NaN
2.0181
NaN
NaN
NaN
NaN
NaN
NaN
NaN
NaN
NaN
NaN
NaN
NaN
NaN
NaN
NaN
NaN
NaN
NaN
NaN
NaN
NaN
NaN
NaN
NaN
NaN
NaN
NaN
NaN
NaN
NaN
NaN
NaN
NaN
NaN
NaN
NaN
NaN
NaN
NaN
NaN
1.2816
1.8037
1.4535
1.5864
1.5281
1.355
1.5568
3.5486
1.1493
1.7409
NaN
NaN
1.4401
1.1076
1.6145
1.3987
1.8622
1.8443
NaN
1.6121
NaN
NaN
NaN
NaN
NaN
NaN
NaN
NaN
NaN
NaN
NaN
NaN
NaN
NaN
NaN
NaN
NaN
NaN
NaN
NaN
NaN
NaN
NaN
NaN
NaN
NaN
NaN
NaN
NaN
NaN
NaN
NaN
NaN
NaN
NaN
NaN
NaN
NaN
NaN
NaN
1.2897
2.291
1.2151
1.4853
1.3458
1.1467
1.3864
2.4167
1.3239
1.5131
NaN
NaN
1.2602
0.84202
1.7055
2.3478
1.3829
1.8933
NaN
1.8369
NaN
NaN
NaN
NaN
NaN
NaN
NaN
NaN
NaN
NaN
NaN
NaN
NaN
NaN
NaN
NaN
NaN
NaN
NaN
NaN
NaN
NaN
NaN
NaN
NaN
NaN
NaN
NaN
NaN
NaN
NaN
NaN
NaN
NaN
NaN
NaN
NaN
NaN
NaN
NaN
1.5895
1.3981
1.9067
1.4386
1.3541
1.7223
1.4142
2.1809
1.5823
1.7993
NaN
NaN
1.9262
2.0208
2.3459
1.9079
1.4264
1.1724
NaN
1.5768
NaN
NaN
NaN
NaN
NaN
NaN
NaN
NaN
NaN
NaN
NaN
NaN
NaN
NaN
NaN
NaN
NaN
NaN
NaN
NaN
NaN
NaN
NaN
NaN
NaN
NaN
NaN
NaN
NaN
NaN
NaN
NaN
NaN
NaN
NaN
NaN
NaN
NaN
NaN
NaN
1.0383
1.5864
1.6062
1.5062
1.0573
1.6555
1.465
2.367
0.88246
2.3556
NaN
NaN
1.3469
1.4397
1.6837
2.3379
1.2437
0.93803
NaN
1.5419
NaN
NaN
NaN
NaN
NaN
NaN
NaN
NaN
NaN
NaN
NaN
NaN
NaN
NaN
NaN
NaN
NaN
NaN
NaN
NaN
NaN
NaN
NaN
NaN
NaN
NaN
NaN
NaN
NaN
NaN
NaN
NaN
NaN
NaN
NaN
NaN
NaN
NaN
NaN
NaN
1.4936
1.9395
1.619
1.7542
1.5627
1.0786
1.4846
2.3405
1.1432
1.2666
NaN
NaN
1.5052
1.3933
1.6607
1.9967
1.6209
1.3004
NaN
1.7769
NaN
NaN
NaN
NaN
NaN
NaN
NaN
NaN
NaN
NaN
NaN
NaN
NaN
NaN
NaN
NaN
NaN
NaN
NaN
NaN
NaN
NaN
NaN
NaN
NaN
NaN
NaN
NaN
NaN
NaN
NaN
NaN
NaN
NaN
NaN
NaN
NaN
NaN
NaN
NaN
1.2866
1.5357
1.4946
2.2914
1.2083
1.4875
1.2615
2.2162
1.1691
1.4474
NaN
NaN
1.5405
1.3743
1.2745
2.6188
1.7507
1.3978
NaN
1.5677
NaN
NaN
NaN
NaN
NaN
NaN
NaN
NaN
NaN
NaN
NaN
NaN
NaN
NaN
NaN
NaN
NaN
NaN
NaN
NaN
NaN
NaN
NaN
NaN
NaN
NaN
NaN
NaN
NaN
NaN
NaN
NaN
NaN
NaN
NaN
NaN
NaN
NaN
NaN
NaN
1.4657
1.4419
1.2557
1.3845
1.7346
1.3388
1.4624
1.7002
1.161
1.6668
NaN
NaN
1.4019
1.4518
1.7004
1.6633
2.1041
1.5501
NaN
1.3928
