-0.035395,1,NaN,2
-0.03092,1,NaN,3
0.021235,1,NaN,4
0.047541,1,NaN,6
0.062101,1,NaN,7
-0.025715,1,NaN,8
0.10352,1,NaN,10
0.084269,1,NaN,11
-0.0058772,1,NaN,12
0.10748,1,NaN,13
-0.0063285,1,NaN,14
-0.03928,1,NaN,16
0.040264,1,NaN,17
0.02328,1,NaN,21
-0.11301,2,NaN,22
-0.14778,2,NaN,23
0.026607,2,NaN,24
-0.093919,2,NaN,25
-0.11421,2,NaN,28
-0.13777,2,NaN,29
-0.063501,2,NaN,30
-0.013501,2,NaN,31
-0.010217,2,NaN,32
-0.24268,2,NaN,34
0.034929,2,NaN,35
-0.13839,2,NaN,36
-0.068463,2,NaN,37
0.039524,2,NaN,38
0.086578,2,NaN,39
-0.11867,2,NaN,41
-0.12794,3,NaN,42
-0.046111,3,NaN,43
-0.011258,3,NaN,44
-0.12411,3,NaN,45
-0.16339,3,NaN,46
-0.036065,3,NaN,47
-0.090302,3,NaN,48
-0.15945,3,NaN,49
-0.17255,3,NaN,50
-0.14943,3,NaN,51
-0.064481,3,NaN,52
-0.02949,3,NaN,53
-0.11676,3,NaN,54
-0.076542,3,NaN,55
0.13027,3,NaN,56
-0.097362,3,NaN,57
0.0057842,3,NaN,58
-0.064131,3,NaN,59
-0.039922,3,NaN,60
-0.041769,3,NaN,61
-0.080736,4,NaN,62
-0.070848,4,NaN,63
-0.23128,4,NaN,64
-0.15614,4,NaN,65
-0.18399,4,NaN,66
0.046047,4,NaN,67
-0.18212,4,NaN,68
-0.00068986,4,NaN,69
-0.10201,4,NaN,70
-0.10282,4,NaN,71
-0.11713,4,NaN,72
-0.16089,4,NaN,74
-0.049645,4,NaN,75
-0.0036302,4,NaN,76
-0.16338,4,NaN,77
0.0034891,4,NaN,78
-0.1624,4,NaN,79
-0.10855,4,NaN,80
-0.22217,4,NaN,81
