0.3492,25,1,2
0.38015,50,1,2
0.43352,75,1,2
0.67147,150,1,2
0.62809,175,1,2
0.59049,200,1,2
0.36776,25,1,3
0.42402,50,1,3
0.40286,75,1,3
0.52887,150,1,3
0.41278,175,1,3
0.47271,200,1,3
0.37115,25,1,4
0.36873,50,1,4
0.33876,75,1,4
0.39769,150,1,4
0.38193,175,1,4
0.39152,200,1,4
0.25896,25,1,6
0.38292,50,1,6
0.34265,75,1,6
0.35791,150,1,6
0.41728,175,1,6
0.37104,200,1,6
0.32993,25,1,7
0.37794,50,1,7
0.38496,75,1,7
0.40152,150,1,7
0.39077,175,1,7
0.43032,200,1,7
0.28888,25,1,8
0.33074,50,1,8
0.34139,75,1,8
0.35622,150,1,8
0.37795,175,1,8
0.3455,200,1,8
0.34354,25,1,10
0.38665,50,1,10
0.28549,75,1,10
0.43571,150,1,10
0.50749,175,1,10
0.61543,200,1,10
0.26341,25,1,11
0.38492,50,1,11
0.42886,75,1,11
0.51133,150,1,11
0.49296,175,1,11
0.46211,200,1,11
0.26909,25,1,12
0.35632,50,1,12
0.36453,75,1,12
0.37815,150,1,12
0.42811,175,1,12
0.41399,200,1,12
0.36099,25,1,13
0.41303,50,1,13
0.62269,75,1,13
0.59228,150,1,13
0.66143,175,1,13
0.53831,200,1,13
0.39567,25,1,14
0.3812,50,1,14
0.40666,75,1,14
0.5035,150,1,14
0.48909,175,1,14
0.49521,200,1,14
0.3132,25,1,16
0.35124,50,1,16
0.40102,75,1,16
0.38135,150,1,16
0.32595,175,1,16
0.39682,200,1,16
0.25917,25,1,17
0.28526,50,1,17
0.27773,75,1,17
0.25341,150,1,17
0.32446,175,1,17
0.35465,200,1,17
0.21303,25,1,21
0.29201,50,1,21
0.32345,75,1,21
0.31885,150,1,21
0.33124,175,1,21
0.35477,200,1,21
0.31028,25,2,22
0.3865,50,2,22
0.4927,75,2,22
0.50706,100,2,22
0.52148,125,2,22
0.48966,150,2,22
0.547,175,2,22
0.63261,200,2,22
0.65657,225,2,22
0.66635,250,2,22
0.64456,275,2,22
0.66071,300,2,22
0.72049,325,2,22
0.7074,350,2,22
0.81512,375,2,22
0.82393,400,2,22
0.52479,425,2,22
0.82214,450,2,22
0.74629,475,2,22
0.66477,550,2,22
0.76023,575,2,22
0.79874,600,2,22
0.68223,625,2,22
0.73399,650,2,22
0.79132,675,2,22
0.88048,700,2,22
0.90877,725,2,22
0.85661,750,2,22
0.79812,775,2,22
0.78914,800,2,22
0.84899,825,2,22
0.90416,850,2,22
0.88302,875,2,22
0.76108,900,2,22
0.86732,925,2,22
0.88248,950,2,22
0.91836,975,2,22
0.85411,1000,2,22
0.35359,25,2,23
0.47288,50,2,23
0.3901,75,2,23
0.41963,100,2,23
0.41668,125,2,23
0.58135,150,2,23
0.47754,175,2,23
0.5027,200,2,23
0.5312,225,2,23
0.4727,250,2,23
0.53448,275,2,23
0.48709,300,2,23
0.64925,325,2,23
0.62326,350,2,23
0.65897,375,2,23
0.78453,400,2,23
0.6301,425,2,23
0.68135,450,2,23
0.56894,475,2,23
0.60553,550,2,23
0.52182,575,2,23
0.59795,600,2,23
0.55264,625,2,23
0.67767,650,2,23
0.74905,675,2,23
0.62187,700,2,23
0.62197,725,2,23
0.71787,750,2,23
0.72524,775,2,23
0.75066,800,2,23
0.76319,825,2,23
0.70244,850,2,23
0.80736,875,2,23
0.71423,900,2,23
0.6657,925,2,23
0.75998,950,2,23
0.78207,975,2,23
0.7333,1000,2,23
0.26896,25,2,24
0.3063,50,2,24
0.31795,75,2,24
0.28073,100,2,24
0.30621,125,2,24
0.31687,150,2,24
0.31933,175,2,24
0.30526,200,2,24
0.32179,225,2,24
0.32772,250,2,24
0.3202,275,2,24
0.34034,300,2,24
0.33346,325,2,24
0.38372,350,2,24
0.36883,375,2,24
0.39706,400,2,24
0.33596,425,2,24
0.37224,450,2,24
0.47985,475,2,24
0.38117,550,2,24
0.39737,575,2,24
0.37099,600,2,24
0.44504,625,2,24
0.46114,650,2,24
0.49782,675,2,24
0.453,700,2,24
0.40924,725,2,24
0.38282,750,2,24
0.48484,775,2,24
0.39417,800,2,24
0.36275,825,2,24
0.38549,850,2,24
0.41493,875,2,24
0.56599,900,2,24
0.48133,925,2,24
0.47403,950,2,24
0.48457,975,2,24
0.43928,1000,2,24
0.43334,25,2,25
0.42308,50,2,25
0.53,75,2,25
0.54598,100,2,25
0.55022,125,2,25
0.5083,150,2,25
0.7138,175,2,25
0.55238,225,2,25
0.57427,250,2,25
0.79356,275,2,25
0.64723,300,2,25
0.72935,325,2,25
0.75967,350,2,25
0.75506,375,2,25
0.61173,400,2,25
0.56079,425,2,25
0.70912,450,2,25
0.82215,475,2,25
0.76366,550,2,25
0.63836,575,2,25
0.73492,600,2,25
0.60026,625,2,25
0.71878,650,2,25
0.83059,675,2,25
0.74019,700,2,25
0.75744,725,2,25
0.77839,750,2,25
0.7781,775,2,25
0.7725,800,2,25
0.77006,825,2,25
0.83157,850,2,25
0.76858,875,2,25
0.75075,900,2,25
0.86028,925,2,25
0.82323,950,2,25
0.78511,975,2,25
0.87744,1000,2,25
0.30416,25,2,28
0.36493,50,2,28
0.33283,75,2,28
0.38088,100,2,28
0.40657,125,2,28
0.68726,150,2,28
0.5968,175,2,28
0.69334,200,2,28
0.49708,225,2,28
0.6825,250,2,28
0.67887,275,2,28
0.49172,300,2,28
0.7631,325,2,28
0.62911,350,2,28
0.6834,375,2,28
0.70685,400,2,28
0.68385,425,2,28
0.70351,450,2,28
0.70695,475,2,28
0.65496,550,2,28
0.70177,575,2,28
0.6846,600,2,28
0.7511,625,2,28
0.68623,650,2,28
0.75082,675,2,28
0.68902,700,2,28
0.63429,725,2,28
0.67412,750,2,28
0.6272,775,2,28
0.70242,800,2,28
0.63898,825,2,28
0.7319,850,2,28
0.68514,875,2,28
0.71171,900,2,28
0.74333,925,2,28
0.74053,950,2,28
0.75365,975,2,28
0.73612,1000,2,28
0.32398,25,2,29
0.31183,50,2,29
0.30103,75,2,29
0.30788,100,2,29
0.31825,125,2,29
0.36342,150,2,29
0.3645,175,2,29
0.39797,200,2,29
0.32497,225,2,29
0.35824,250,2,29
0.44117,275,2,29
0.44769,300,2,29
0.42528,325,2,29
0.42072,350,2,29
0.48951,375,2,29
0.55285,400,2,29
0.37622,425,2,29
0.47289,450,2,29
0.5071,475,2,29
0.40675,550,2,29
0.50418,575,2,29
0.41201,600,2,29
0.44604,625,2,29
0.55034,650,2,29
0.48436,675,2,29
0.41035,700,2,29
0.4759,725,2,29
0.4493,750,2,29
0.62814,775,2,29
0.47864,800,2,29
0.46633,825,2,29
0.72386,850,2,29
0.71751,875,2,29
0.80241,900,2,29
0.61577,925,2,29
0.69069,950,2,29
0.58459,975,2,29
0.67974,1000,2,29
0.26964,25,2,30
0.27639,50,2,30
0.30473,75,2,30
0.38365,100,2,30
0.36872,125,2,30
0.36569,150,2,30
0.37035,175,2,30
0.35752,200,2,30
0.42778,225,2,30
0.46299,250,2,30
0.4587,275,2,30
0.53924,300,2,30
0.5291,325,2,30
0.49311,350,2,30
0.42574,375,2,30
0.57428,400,2,30
0.48285,425,2,30
0.51204,450,2,30
0.57952,475,2,30
0.48076,550,2,30
0.45331,575,2,30
0.52011,600,2,30
0.49232,625,2,30
0.60472,650,2,30
0.61,675,2,30
0.63921,700,2,30
0.5903,725,2,30
0.55919,750,2,30
0.65511,775,2,30
0.67271,800,2,30
0.53528,825,2,30
0.73675,850,2,30
0.69391,875,2,30
0.69562,900,2,30
0.67357,925,2,30
0.77344,950,2,30
0.71938,975,2,30
0.64076,1000,2,30
0.36428,25,2,31
0.3487,50,2,31
0.40126,75,2,31
0.37738,100,2,31
0.41568,125,2,31
0.43381,150,2,31
0.45442,175,2,31
0.45151,200,2,31
0.44699,225,2,31
0.50132,250,2,31
0.50257,275,2,31
0.48828,300,2,31
0.57187,325,2,31
0.48262,350,2,31
0.44898,375,2,31
0.44051,400,2,31
0.39814,425,2,31
0.43185,450,2,31
0.43397,475,2,31
0.52017,550,2,31
0.46024,575,2,31
0.51181,600,2,31
0.4595,625,2,31
0.5578,650,2,31
0.54733,675,2,31
0.49422,700,2,31
0.52873,725,2,31
0.63416,750,2,31
0.64777,775,2,31
0.51834,800,2,31
0.53471,825,2,31
0.49612,850,2,31
0.56229,875,2,31
0.5203,900,2,31
0.51035,925,2,31
0.58102,950,2,31
0.58799,975,2,31
0.57103,1000,2,31
0.32454,25,2,32
0.32063,50,2,32
0.3047,75,2,32
0.28685,100,2,32
0.29734,125,2,32
0.29978,150,2,32
0.26755,175,2,32
0.33723,200,2,32
0.33849,225,2,32
0.28653,250,2,32
0.24961,275,2,32
0.28465,300,2,32
0.30425,325,2,32
0.33944,350,2,32
0.47124,375,2,32
0.41545,400,2,32
0.37539,425,2,32
0.35042,450,2,32
0.31823,475,2,32
0.36543,550,2,32
0.37451,575,2,32
0.33013,600,2,32
0.35981,625,2,32
0.41264,650,2,32
0.46489,675,2,32
0.48854,700,2,32
0.45571,725,2,32
0.40644,750,2,32
0.42335,775,2,32
0.45051,800,2,32
0.44971,825,2,32
0.54004,850,2,32
0.44741,875,2,32
0.43479,900,2,32
0.5085,925,2,32
0.52047,950,2,32
0.57402,975,2,32
0.50731,1000,2,32
0.40053,25,2,34
0.42674,50,2,34
0.39259,75,2,34
0.51095,100,2,34
0.51024,125,2,34
0.60317,150,2,34
0.52846,175,2,34
0.5544,200,2,34
0.56715,225,2,34
0.53099,250,2,34
0.58925,275,2,34
0.54528,300,2,34
0.57032,325,2,34
0.5068,350,2,34
0.48562,375,2,34
0.47057,400,2,34
0.45111,425,2,34
0.60119,450,2,34
0.54977,475,2,34
0.39841,550,2,34
0.57919,575,2,34
0.56442,600,2,34
0.50361,625,2,34
0.68092,650,2,34
0.66345,675,2,34
0.68374,700,2,34
0.68341,725,2,34
0.74759,750,2,34
0.76076,775,2,34
0.7492,800,2,34
0.71543,825,2,34
0.66575,850,2,34
0.70946,875,2,34
0.76321,900,2,34
0.84335,925,2,34
0.91155,950,2,34
0.8374,975,2,34
0.87957,1000,2,34
0.27278,25,2,35
0.29143,50,2,35
0.33799,75,2,35
0.32213,100,2,35
0.26775,125,2,35
0.32668,150,2,35
0.45847,175,2,35
0.39348,200,2,35
0.394,225,2,35
0.50467,250,2,35
0.40106,275,2,35
0.45499,300,2,35
0.44538,325,2,35
0.57673,350,2,35
0.37117,375,2,35
0.40784,400,2,35
0.4891,425,2,35
0.48395,450,2,35
0.47467,475,2,35
0.55825,550,2,35
0.48367,575,2,35
0.6408,600,2,35
0.61845,625,2,35
0.6184,650,2,35
0.57557,675,2,35
0.74745,700,2,35
0.65037,725,2,35
0.52468,750,2,35
0.52773,775,2,35
0.64546,800,2,35
0.46456,825,2,35
0.33791,850,2,35
0.4913,875,2,35
0.40243,900,2,35
0.50013,925,2,35
0.45062,950,2,35
0.60757,975,2,35
0.51793,1000,2,35
0.54583,25,2,36
0.6386,50,2,36
0.38464,75,2,36
0.804,100,2,36
0.31533,125,2,36
0.36004,150,2,36
0.54013,175,2,36
0.31341,200,2,36
0.47015,225,2,36
0.43167,250,2,36
0.3989,275,2,36
0.58411,300,2,36
0.453,325,2,36
0.57559,350,2,36
0.57113,375,2,36
0.62643,400,2,36
0.52741,425,2,36
0.58521,450,2,36
0.53176,475,2,36
0.47428,550,2,36
0.42016,575,2,36
0.4966,600,2,36
0.56441,625,2,36
0.54342,650,2,36
0.64869,675,2,36
0.48793,700,2,36
0.48074,725,2,36
0.58737,750,2,36
0.46055,775,2,36
0.36962,800,2,36
0.63008,825,2,36
0.65732,850,2,36
0.77577,875,2,36
0.67973,900,2,36
0.58905,925,2,36
0.40992,950,2,36
0.36339,975,2,36
0.32442,1000,2,36
0.2518,25,2,37
0.26216,50,2,37
0.27326,75,2,37
0.2695,100,2,37
0.27308,125,2,37
0.26308,150,2,37
0.34436,175,2,37
0.27184,200,2,37
0.39692,225,2,37
0.36463,250,2,37
0.37914,275,2,37
0.37951,300,2,37
0.38735,325,2,37
0.33994,350,2,37
0.4375,375,2,37
0.39964,400,2,37
0.36851,425,2,37
0.41965,450,2,37
0.41191,475,2,37
0.48179,550,2,37
0.43305,575,2,37
0.52543,600,2,37
0.46265,625,2,37
0.53377,650,2,37
0.57884,675,2,37
0.51422,700,2,37
0.59507,725,2,37
0.56053,750,2,37
0.52431,775,2,37
0.55824,800,2,37
0.44473,825,2,37
0.51339,850,2,37
0.46408,875,2,37
0.5804,900,2,37
0.54141,925,2,37
0.48822,950,2,37
0.5239,975,2,37
0.49827,1000,2,37
0.34083,25,2,38
0.32806,50,2,38
0.41132,75,2,38
0.39106,100,2,38
0.40031,125,2,38
0.4718,150,2,38
0.5142,175,2,38
0.51602,200,2,38
0.47512,225,2,38
0.42008,250,2,38
0.49779,275,2,38
0.5313,300,2,38
0.57778,325,2,38
0.50596,350,2,38
0.60327,375,2,38
0.55515,400,2,38
0.52235,425,2,38
0.46927,450,2,38
0.49269,475,2,38
0.48028,550,2,38
0.40387,575,2,38
0.59665,600,2,38
0.41279,625,2,38
0.4399,650,2,38
0.75746,675,2,38
0.72786,700,2,38
0.79289,725,2,38
0.49697,750,2,38
0.60652,775,2,38
0.73305,800,2,38
0.61904,825,2,38
0.69983,850,2,38
0.72232,875,2,38
0.56164,900,2,38
0.53853,925,2,38
0.70944,950,2,38
0.62352,975,2,38
0.67824,1000,2,38
0.23183,25,2,39
0.36084,50,2,39
0.36655,75,2,39
0.37171,100,2,39
0.40034,125,2,39
0.41948,150,2,39
0.41171,175,2,39
0.41688,200,2,39
0.32777,225,2,39
0.4238,250,2,39
0.43965,275,2,39
0.54136,300,2,39
0.61296,325,2,39
0.72648,350,2,39
0.69733,375,2,39
0.62919,400,2,39
0.44725,425,2,39
0.48049,450,2,39
0.52514,475,2,39
0.64552,550,2,39
0.68258,575,2,39
0.76402,600,2,39
0.56695,625,2,39
0.75369,650,2,39
0.77504,675,2,39
0.78674,700,2,39
0.82656,725,2,39
0.88528,750,2,39
0.80825,775,2,39
0.77107,800,2,39
0.58872,825,2,39
0.7456,850,2,39
0.77491,875,2,39
0.78458,900,2,39
0.72229,925,2,39
0.83236,950,2,39
0.85502,975,2,39
0.7951,1000,2,39
0.40332,25,2,41
0.4084,50,2,41
0.48035,75,2,41
0.51042,100,2,41
0.43983,125,2,41
0.62526,150,2,41
0.60959,175,2,41
0.59693,200,2,41
0.41905,225,2,41
0.54378,250,2,41
0.53138,275,2,41
0.46953,300,2,41
0.46993,325,2,41
0.641,350,2,41
0.51524,375,2,41
0.48532,400,2,41
0.56231,425,2,41
0.70606,450,2,41
0.64426,475,2,41
0.69875,550,2,41
0.74869,575,2,41
0.70787,600,2,41
0.56469,625,2,41
0.70067,650,2,41
0.61911,675,2,41
0.54214,700,2,41
0.6875,725,2,41
0.58676,750,2,41
0.50572,775,2,41
0.58129,800,2,41
0.62928,825,2,41
0.71083,850,2,41
0.61146,875,2,41
0.68257,900,2,41
0.6861,925,2,41
0.63972,950,2,41
0.70142,975,2,41
0.73977,1000,2,41
0.39195,25,3,42
0.37701,50,3,42
0.36489,75,3,42
0.35215,100,3,42
0.37076,125,3,42
0.33893,150,3,42
0.36915,175,3,42
0.37743,200,3,42
0.39326,225,3,42
0.39448,250,3,42
0.4078,275,3,42
0.44954,300,3,42
0.48323,325,3,42
0.47634,350,3,42
0.45053,375,3,42
0.49592,400,3,42
0.42341,425,3,42
0.54239,450,3,42
0.58433,475,3,42
0.55551,500,3,42
0.55491,525,3,42
0.57295,550,3,42
0.58547,575,3,42
0.60131,600,3,42
0.52977,625,3,42
0.75103,650,3,42
0.57559,675,3,42
0.65976,700,3,42
0.58251,725,3,42
0.65942,750,3,42
0.70385,775,3,42
0.59549,800,3,42
0.73479,825,3,42
0.70964,850,3,42
0.56114,875,3,42
0.65912,950,3,42
0.61513,975,3,42
0.53635,1000,3,42
0.22872,25,3,43
0.23571,50,3,43
0.22815,75,3,43
0.23825,100,3,43
0.24416,125,3,43
0.271,150,3,43
0.28895,175,3,43
0.27285,200,3,43
0.30498,225,3,43
0.31382,250,3,43
0.32651,275,3,43
0.31509,300,3,43
0.26992,325,3,43
0.34688,350,3,43
0.3635,375,3,43
0.33144,425,3,43
0.3509,450,3,43
0.34465,475,3,43
0.31662,500,3,43
0.32645,525,3,43
0.31193,550,3,43
0.25482,575,3,43
0.32175,600,3,43
0.36682,625,3,43
0.40418,650,3,43
0.44618,675,3,43
0.32967,700,3,43
0.31716,725,3,43
0.32875,750,3,43
0.29244,775,3,43
0.31617,800,3,43
0.3335,825,3,43
0.40705,850,3,43
0.35265,875,3,43
0.3548,950,3,43
0.43392,975,3,43
0.39284,1000,3,43
0.37655,25,3,44
0.34526,50,3,44
0.30644,75,3,44
0.47931,100,3,44
0.33428,125,3,44
0.52083,150,3,44
0.42049,175,3,44
0.34817,200,3,44
0.33707,225,3,44
0.35827,250,3,44
0.35275,275,3,44
0.3364,300,3,44
0.3337,325,3,44
0.36893,350,3,44
0.33465,375,3,44
0.34419,400,3,44
0.27685,425,3,44
0.382,450,3,44
0.38255,475,3,44
0.36947,500,3,44
0.3811,525,3,44
0.33747,550,3,44
0.41373,575,3,44
0.39247,600,3,44
0.36634,625,3,44
0.37925,650,3,44
0.35691,675,3,44
0.33939,700,3,44
0.3045,725,3,44
0.31093,750,3,44
0.33324,775,3,44
0.36299,800,3,44
0.35968,825,3,44
0.34563,850,3,44
0.36292,875,3,44
0.33749,950,3,44
0.36717,975,3,44
0.37333,1000,3,44
0.2975,25,3,45
0.29232,50,3,45
0.28532,75,3,45
0.37205,100,3,45
0.44072,125,3,45
0.39508,150,3,45
0.45789,175,3,45
0.44573,200,3,45
0.49508,225,3,45
0.55221,250,3,45
0.54477,275,3,45
0.55971,300,3,45
0.59478,325,3,45
0.57116,350,3,45
0.5623,375,3,45
0.59178,400,3,45
0.59017,425,3,45
0.74797,450,3,45
0.60508,475,3,45
0.61082,500,3,45
0.57492,525,3,45
0.59183,550,3,45
0.6265,575,3,45
0.64096,600,3,45
0.54087,625,3,45
0.59768,650,3,45
0.68791,675,3,45
0.7077,700,3,45
0.64159,725,3,45
0.6811,750,3,45
0.63121,775,3,45
0.63588,800,3,45
0.6459,825,3,45
0.6603,850,3,45
0.63582,875,3,45
0.55744,950,3,45
0.63496,975,3,45
0.6648,1000,3,45
0.40393,25,3,46
0.45827,50,3,46
0.48484,75,3,46
0.45068,100,3,46
0.48789,125,3,46
0.57335,150,3,46
0.48992,175,3,46
0.55063,200,3,46
0.64237,225,3,46
0.68417,250,3,46
0.62965,275,3,46
0.55874,300,3,46
0.58855,325,3,46
0.56564,350,3,46
0.51704,375,3,46
0.53478,400,3,46
0.52423,425,3,46
0.64102,450,3,46
0.63199,475,3,46
0.64188,500,3,46
0.54499,525,3,46
0.577,550,3,46
0.5095,575,3,46
0.65292,600,3,46
0.65469,625,3,46
0.62085,650,3,46
0.72737,675,3,46
0.65661,700,3,46
0.67876,725,3,46
0.62593,750,3,46
0.64217,775,3,46
0.57763,800,3,46
0.6579,825,3,46
0.69597,850,3,46
0.6419,875,3,46
0.63248,950,3,46
0.70238,975,3,46
0.66664,1000,3,46
0.34902,25,3,47
0.35384,50,3,47
0.34977,75,3,47
0.45141,100,3,47
0.32636,125,3,47
0.42904,150,3,47
0.37349,175,3,47
0.37557,200,3,47
0.41716,225,3,47
0.43012,250,3,47
0.45114,275,3,47
0.44444,300,3,47
0.46939,325,3,47
0.49594,350,3,47
0.5146,375,3,47
0.47412,400,3,47
0.41129,425,3,47
0.48124,450,3,47
0.50101,475,3,47
0.53007,500,3,47
0.54866,525,3,47
0.43758,550,3,47
0.53983,575,3,47
0.55006,600,3,47
0.50939,625,3,47
0.54587,650,3,47
0.54947,675,3,47
0.57935,700,3,47
0.57983,725,3,47
0.60354,750,3,47
0.54318,775,3,47
0.6719,800,3,47
0.58313,825,3,47
0.55568,850,3,47
0.61533,875,3,47
0.66377,950,3,47
0.71718,975,3,47
0.7199,1000,3,47
0.37937,25,3,48
0.37097,50,3,48
0.35793,75,3,48
0.36897,100,3,48
0.36222,125,3,48
0.39146,150,3,48
0.39213,175,3,48
0.44114,200,3,48
0.49031,225,3,48
0.52711,250,3,48
0.54656,275,3,48
0.54225,300,3,48
0.59872,325,3,48
0.57083,350,3,48
0.54489,375,3,48
0.70648,400,3,48
0.56719,425,3,48
0.77165,450,3,48
0.71149,475,3,48
0.74353,500,3,48
0.56912,525,3,48
0.70862,550,3,48
0.66762,575,3,48
0.4996,600,3,48
0.61572,625,3,48
0.6667,650,3,48
0.80417,675,3,48
0.72264,700,3,48
0.7711,725,3,48
0.69891,750,3,48
0.72428,775,3,48
0.51769,800,3,48
0.70105,825,3,48
0.61678,850,3,48
0.69647,875,3,48
0.71124,950,3,48
0.66476,975,3,48
0.49475,1000,3,48
0.33137,25,3,49
0.44539,50,3,49
0.44757,75,3,49
0.3612,100,3,49
0.41499,125,3,49
0.4238,150,3,49
0.43452,175,3,49
0.47853,200,3,49
0.41812,225,3,49
0.43715,250,3,49
0.4373,275,3,49
0.46075,300,3,49
0.48557,325,3,49
0.52047,350,3,49
0.56973,375,3,49
0.5632,400,3,49
0.54134,425,3,49
0.57209,450,3,49
0.61819,475,3,49
0.61232,500,3,49
0.55982,525,3,49
0.57937,550,3,49
0.67384,575,3,49
0.65285,600,3,49
0.62437,625,3,49
0.64921,650,3,49
0.50307,675,3,49
0.68757,700,3,49
0.6127,725,3,49
0.77506,750,3,49
0.64722,775,3,49
0.67163,800,3,49
0.54139,825,3,49
0.58887,850,3,49
0.61364,875,3,49
0.67116,950,3,49
0.60155,975,3,49
0.58076,1000,3,49
0.32482,25,3,50
0.2864,50,3,50
0.42623,75,3,50
0.44306,100,3,50
0.44635,125,3,50
0.3989,150,3,50
0.45849,175,3,50
0.5094,200,3,50
0.52371,225,3,50
0.57635,250,3,50
0.52907,275,3,50
0.47291,300,3,50
0.49862,325,3,50
0.50773,350,3,50
0.53316,375,3,50
0.59154,400,3,50
0.52512,425,3,50
0.57746,450,3,50
0.58583,475,3,50
0.63484,500,3,50
0.6192,525,3,50
0.56448,550,3,50
0.62255,575,3,50
0.65915,600,3,50
0.59677,625,3,50
0.63089,650,3,50
0.65864,675,3,50
0.59474,700,3,50
0.72067,725,3,50
0.69068,750,3,50
0.71667,775,3,50
0.72922,800,3,50
0.58479,825,3,50
0.71235,850,3,50
0.69893,875,3,50
0.65435,950,3,50
0.78349,975,3,50
0.82308,1000,3,50
0.26653,25,3,51
0.39041,50,3,51
0.38383,75,3,51
0.46012,100,3,51
0.44231,125,3,51
0.35275,150,3,51
0.37984,175,3,51
0.4315,200,3,51
0.44887,225,3,51
0.46773,250,3,51
0.44634,275,3,51
0.37793,300,3,51
0.36179,325,3,51
0.40146,350,3,51
0.49677,375,3,51
0.52314,400,3,51
0.50043,425,3,51
0.6124,450,3,51
0.50819,475,3,51
0.53458,500,3,51
0.54588,525,3,51
0.49503,550,3,51
0.59462,575,3,51
0.6527,600,3,51
0.50326,625,3,51
0.43214,650,3,51
0.5943,675,3,51
0.72243,700,3,51
0.71269,725,3,51
0.64564,750,3,51
0.63544,775,3,51
0.71771,800,3,51
0.53199,825,3,51
0.64679,850,3,51
0.67849,875,3,51
0.5783,950,3,51
0.57859,975,3,51
0.66209,1000,3,51
0.24684,25,3,52
0.37981,50,3,52
0.39082,75,3,52
0.38052,100,3,52
0.44783,125,3,52
0.39549,150,3,52
0.38041,175,3,52
0.36945,200,3,52
0.43605,225,3,52
0.44804,250,3,52
0.50882,275,3,52
0.41583,300,3,52
0.3057,325,3,52
0.36301,350,3,52
0.41997,375,3,52
0.44262,400,3,52
0.49361,425,3,52
0.39135,450,3,52
0.32254,475,3,52
0.35487,500,3,52
0.47278,525,3,52
0.43598,550,3,52
0.4801,575,3,52
0.39874,600,3,52
0.47632,625,3,52
0.38575,650,3,52
0.46182,675,3,52
0.53327,700,3,52
0.51772,725,3,52
0.50531,750,3,52
0.59963,775,3,52
0.48662,800,3,52
0.57061,825,3,52
0.53578,850,3,52
0.54936,875,3,52
0.55576,950,3,52
0.6062,975,3,52
0.40566,1000,3,52
0.33752,25,3,53
0.32935,50,3,53
0.31324,75,3,53
0.31892,100,3,53
0.22659,125,3,53
0.35546,150,3,53
0.29838,175,3,53
0.30835,200,3,53
0.33141,225,3,53
0.36252,250,3,53
0.31889,275,3,53
0.41068,300,3,53
0.39938,325,3,53
0.40709,350,3,53
0.33331,375,3,53
0.38721,400,3,53
0.42178,425,3,53
0.45662,450,3,53
0.48537,475,3,53
0.48918,500,3,53
0.43344,525,3,53
0.46461,550,3,53
0.44681,575,3,53
0.42578,600,3,53
0.34156,625,3,53
0.49168,650,3,53
0.37671,675,3,53
0.43581,700,3,53
0.42085,725,3,53
0.40039,750,3,53
0.44238,775,3,53
0.50216,800,3,53
0.38944,825,3,53
0.37681,850,3,53
0.45993,875,3,53
0.4081,950,3,53
0.50131,975,3,53
0.49609,1000,3,53
0.42643,25,3,54
0.47985,50,3,54
0.41843,75,3,54
0.54362,100,3,54
0.55857,125,3,54
0.46916,150,3,54
0.39771,175,3,54
0.42019,200,3,54
0.60401,225,3,54
0.44335,250,3,54
0.55508,275,3,54
0.47801,300,3,54
0.6824,325,3,54
0.64521,350,3,54
0.5813,375,3,54
0.44269,400,3,54
0.50254,425,3,54
0.50626,450,3,54
0.50239,475,3,54
0.55585,500,3,54
0.46846,525,3,54
0.57786,550,3,54
0.56498,575,3,54
0.5052,600,3,54
0.52387,625,3,54
0.53303,650,3,54
0.70594,675,3,54
0.67928,700,3,54
0.60176,725,3,54
0.67029,750,3,54
0.63306,775,3,54
0.58555,800,3,54
0.42222,825,3,54
0.57053,850,3,54
0.55158,875,3,54
0.51869,950,3,54
0.43285,975,3,54
0.40101,1000,3,54
0.49861,25,3,55
0.70364,50,3,55
0.87897,75,3,55
0.84053,100,3,55
0.75746,125,3,55
0.72488,150,3,55
0.86104,175,3,55
0.84936,200,3,55
0.58146,225,3,55
0.86271,250,3,55
0.87061,275,3,55
0.81092,300,3,55
0.8612,325,3,55
0.69074,350,3,55
0.77664,375,3,55
0.5949,400,3,55
0.63277,425,3,55
0.72837,450,3,55
0.75149,475,3,55
0.64156,500,3,55
0.6627,525,3,55
0.88237,550,3,55
0.80318,575,3,55
0.69905,600,3,55
0.8628,625,3,55
0.87632,650,3,55
0.77389,675,3,55
0.78419,700,3,55
0.77944,725,3,55
0.76109,750,3,55
0.79183,775,3,55
0.72971,800,3,55
0.89375,825,3,55
0.74742,850,3,55
0.73786,875,3,55
0.78373,950,3,55
0.79943,975,3,55
0.86412,1000,3,55
0.45716,25,3,56
0.68469,50,3,56
0.72097,75,3,56
0.67183,100,3,56
0.74357,125,3,56
0.73082,150,3,56
0.7834,175,3,56
0.76279,200,3,56
0.6778,225,3,56
0.75453,250,3,56
0.791,275,3,56
0.75812,300,3,56
0.82137,325,3,56
0.75962,350,3,56
0.80831,375,3,56
0.73958,400,3,56
0.69585,425,3,56
0.84551,450,3,56
0.69985,475,3,56
0.75894,500,3,56
0.5133,525,3,56
0.75012,550,3,56
0.53582,575,3,56
0.62091,600,3,56
0.45554,625,3,56
0.71497,650,3,56
0.79163,675,3,56
0.66655,700,3,56
0.75291,725,3,56
0.55869,750,3,56
0.53634,775,3,56
0.59573,800,3,56
0.42778,825,3,56
0.48153,850,3,56
0.39024,875,3,56
0.47097,950,3,56
0.53496,975,3,56
0.41865,1000,3,56
0.35473,25,3,57
0.321,50,3,57
0.34968,75,3,57
0.31851,100,3,57
0.31379,125,3,57
0.27321,150,3,57
0.38098,175,3,57
0.32938,200,3,57
0.32849,225,3,57
0.36811,250,3,57
0.33767,275,3,57
0.43138,300,3,57
0.3136,325,3,57
0.39721,350,3,57
0.385,375,3,57
0.41592,400,3,57
0.39069,425,3,57
0.49328,450,3,57
0.39941,475,3,57
0.46221,500,3,57
0.40307,525,3,57
0.4492,550,3,57
0.45031,575,3,57
0.40019,600,3,57
0.4709,625,3,57
0.44747,650,3,57
0.4401,675,3,57
0.46134,700,3,57
0.39926,725,3,57
0.44822,750,3,57
0.51894,775,3,57
0.47107,800,3,57
0.38558,825,3,57
0.50383,850,3,57
0.51519,875,3,57
0.44434,950,3,57
0.49877,975,3,57
0.53392,1000,3,57
0.34285,25,3,58
0.28694,50,3,58
0.29433,75,3,58
0.27888,100,3,58
0.30984,125,3,58
0.29177,150,3,58
0.28086,175,3,58
0.28632,200,3,58
0.30561,225,3,58
0.33778,250,3,58
0.34056,275,3,58
0.33229,300,3,58
0.32789,325,3,58
0.34681,350,3,58
0.38127,375,3,58
0.36167,400,3,58
0.32464,425,3,58
0.35566,450,3,58
0.34475,475,3,58
0.34767,500,3,58
0.28061,525,3,58
0.34431,550,3,58
0.31487,575,3,58
0.40485,600,3,58
0.30865,625,3,58
0.3344,650,3,58
0.32985,675,3,58
0.34922,700,3,58
0.33148,725,3,58
0.36136,750,3,58
0.37786,775,3,58
0.4285,800,3,58
0.33909,825,3,58
0.36753,850,3,58
0.32381,875,3,58
0.36718,950,3,58
0.40232,975,3,58
0.33357,1000,3,58
0.46004,25,3,59
0.52401,50,3,59
0.44361,75,3,59
0.50661,100,3,59
0.50535,125,3,59
0.58388,150,3,59
0.69031,175,3,59
0.59719,200,3,59
0.54158,225,3,59
0.72182,250,3,59
0.7339,275,3,59
0.735,300,3,59
0.88524,325,3,59
0.73958,350,3,59
0.72944,375,3,59
0.85547,400,3,59
0.71336,425,3,59
0.88127,450,3,59
0.73573,475,3,59
0.88347,500,3,59
0.89727,525,3,59
0.81677,550,3,59
0.83189,575,3,59
0.79676,600,3,59
0.60663,625,3,59
0.87216,650,3,59
0.84356,675,3,59
0.82647,700,3,59
0.79097,725,3,59
0.86754,750,3,59
0.9553,775,3,59
0.83324,800,3,59
0.79502,825,3,59
0.74422,850,3,59
0.79877,875,3,59
0.93554,950,3,59
0.81414,975,3,59
0.80834,1000,3,59
0.27162,25,3,60
0.34757,50,3,60
0.34853,75,3,60
0.30017,100,3,60
0.31262,125,3,60
0.26551,150,3,60
0.31615,175,3,60
0.30881,200,3,60
0.35983,225,3,60
0.33098,250,3,60
0.3167,275,3,60
0.32537,300,3,60
0.40934,325,3,60
0.39125,350,3,60
0.39267,375,3,60
0.37584,400,3,60
0.37152,425,3,60
0.38454,450,3,60
0.44863,475,3,60
0.41849,500,3,60
0.45826,525,3,60
0.47232,550,3,60
0.57494,575,3,60
0.57327,600,3,60
0.49315,625,3,60
0.59809,650,3,60
0.5696,675,3,60
0.5852,700,3,60
0.57923,725,3,60
0.59529,750,3,60
0.55985,775,3,60
0.55116,800,3,60
0.55755,825,3,60
0.57249,850,3,60
0.53496,875,3,60
0.51453,950,3,60
0.60321,975,3,60
0.56513,1000,3,60
0.36764,25,3,61
0.38651,50,3,61
0.4082,75,3,61
0.42903,100,3,61
0.44789,125,3,61
0.50113,150,3,61
0.42313,175,3,61
0.49806,200,3,61
0.47379,225,3,61
0.52716,250,3,61
0.51773,275,3,61
0.48136,300,3,61
0.51498,325,3,61
0.55987,350,3,61
0.55866,375,3,61
0.59163,400,3,61
0.41112,425,3,61
0.37826,450,3,61
0.44003,475,3,61
0.42965,500,3,61
0.50061,525,3,61
0.51908,550,3,61
0.46466,575,3,61
0.54726,600,3,61
0.51242,625,3,61
0.49689,650,3,61
0.63729,675,3,61
0.58136,700,3,61
0.69175,725,3,61
0.56499,750,3,61
0.65758,775,3,61
0.63381,800,3,61
0.41967,825,3,61
0.57525,850,3,61
0.69611,875,3,61
0.64713,950,3,61
0.608,975,3,61
0.69882,1000,3,61
0.33997,25,4,62
0.27351,50,4,62
0.31045,75,4,62
0.3807,100,4,62
0.34908,125,4,62
0.39383,150,4,62
0.41561,175,4,62
0.4654,200,4,62
0.42829,225,4,62
0.43077,250,4,62
0.45106,275,4,62
0.39704,300,4,62
0.42363,325,4,62
0.49337,350,4,62
0.4928,375,4,62
0.46311,400,4,62
0.44854,425,4,62
0.3923,450,4,62
0.44821,475,4,62
0.53183,500,4,62
0.53008,525,4,62
0.45737,550,4,62
0.50354,575,4,62
0.54153,600,4,62
0.47944,625,4,62
0.44335,650,4,62
0.50909,675,4,62
0.44312,700,4,62
0.50181,725,4,62
0.45191,750,4,62
0.51057,775,4,62
0.62548,800,4,62
0.47984,825,4,62
0.51494,850,4,62
0.42837,875,4,62
0.53931,900,4,62
0.5792,925,4,62
0.5576,950,4,62
0.68435,975,4,62
0.64584,1000,4,62
0.46651,1025,4,62
0.57374,1050,4,62
0.58489,1075,4,62
0.608,1100,4,62
0.68115,1125,4,62
0.71012,1150,4,62
0.58332,1175,4,62
0.47129,1200,4,62
0.61065,1225,4,62
0.65944,1250,4,62
0.5689,1275,4,62
0.54388,1300,4,62
0.52767,1325,4,62
0.49101,1350,4,62
0.52765,1375,4,62
0.51634,1400,4,62
0.48062,1425,4,62
0.53707,1450,4,62
0.64231,1475,4,62
0.60969,1500,4,62
0.69027,1525,4,62
0.65971,1550,4,62
0.68319,1575,4,62
0.58091,1600,4,62
0.53967,1625,4,62
0.55547,1650,4,62
0.60748,1675,4,62
0.70897,1700,4,62
0.62759,1725,4,62
0.6925,1750,4,62
0.71221,1775,4,62
0.71972,1800,4,62
0.48649,1825,4,62
0.67252,1850,4,62
0.79498,1875,4,62
0.78612,1950,4,62
0.64471,1975,4,62
0.64574,2000,4,62
0.37376,25,4,63
0.47187,50,4,63
0.50812,75,4,63
0.4487,100,4,63
0.44688,125,4,63
0.53242,150,4,63
0.50562,175,4,63
0.55368,200,4,63
0.34649,225,4,63
0.33383,250,4,63
0.3156,275,4,63
0.33438,300,4,63
0.51859,325,4,63
0.50111,350,4,63
0.49882,375,4,63
0.48761,400,4,63
0.5589,425,4,63
0.61878,450,4,63
0.69782,475,4,63
0.69197,500,4,63
0.66619,525,4,63
0.50291,550,4,63
0.60027,575,4,63
0.68364,600,4,63
0.48378,625,4,63
0.45897,650,4,63
0.45586,675,4,63
0.35399,700,4,63
0.37097,725,4,63
0.46749,750,4,63
0.36132,775,4,63
0.52413,800,4,63
0.5831,825,4,63
0.68358,850,4,63
0.71427,875,4,63
0.70716,900,4,63
0.68204,925,4,63
0.76478,950,4,63
0.5993,975,4,63
0.63099,1000,4,63
0.45148,1025,4,63
0.42096,1050,4,63
0.4172,1075,4,63
0.52813,1100,4,63
0.38005,1125,4,63
0.42585,1150,4,63
0.37825,1175,4,63
0.33053,1200,4,63
0.45012,1225,4,63
0.63499,1250,4,63
0.66532,1275,4,63
0.58587,1300,4,63
0.47091,1325,4,63
0.56449,1350,4,63
0.61793,1375,4,63
0.42763,1400,4,63
0.6725,1425,4,63
0.58391,1450,4,63
0.69193,1475,4,63
0.68057,1500,4,63
0.58295,1525,4,63
0.52984,1550,4,63
0.59155,1575,4,63
0.54359,1600,4,63
0.39927,1625,4,63
0.49816,1650,4,63
0.47703,1675,4,63
0.4889,1700,4,63
0.46004,1725,4,63
0.46388,1750,4,63
0.51909,1775,4,63
0.5375,1800,4,63
0.61342,1825,4,63
0.49743,1850,4,63
0.52891,1875,4,63
0.63692,1950,4,63
0.47389,1975,4,63
0.62615,2000,4,63
0.36277,25,4,64
0.24621,50,4,64
0.29886,75,4,64
0.34337,100,4,64
0.42679,125,4,64
0.36288,150,4,64
0.39601,175,4,64
0.37204,200,4,64
0.33952,225,4,64
0.43126,250,4,64
0.3932,275,4,64
0.41743,300,4,64
0.46911,325,4,64
0.50464,350,4,64
0.49402,375,4,64
0.49205,400,4,64
0.45802,425,4,64
0.50092,450,4,64
0.45002,475,4,64
0.41641,500,4,64
0.44858,525,4,64
0.42065,550,4,64
0.45492,575,4,64
0.57147,600,4,64
0.48285,625,4,64
0.52519,650,4,64
0.51366,675,4,64
0.61773,700,4,64
0.50627,725,4,64
0.58206,750,4,64
0.43142,775,4,64
0.5009,800,4,64
0.46986,825,4,64
0.67146,850,4,64
0.48985,875,4,64
0.48897,900,4,64
0.5649,925,4,64
0.53879,950,4,64
0.58446,975,4,64
0.59794,1000,4,64
0.5093,1025,4,64
0.50689,1050,4,64
0.5525,1075,4,64
0.44701,1100,4,64
0.61964,1125,4,64
0.47813,1150,4,64
0.57739,1175,4,64
0.54329,1200,4,64
0.46235,1225,4,64
0.43891,1250,4,64
0.57174,1275,4,64
0.55081,1300,4,64
0.53017,1325,4,64
0.61419,1350,4,64
0.60498,1375,4,64
0.57282,1400,4,64
0.58071,1425,4,64
0.55767,1450,4,64
0.58233,1475,4,64
0.5323,1500,4,64
0.57631,1525,4,64
0.65586,1550,4,64
0.62226,1575,4,64
0.55257,1600,4,64
0.48209,1625,4,64
0.5233,1650,4,64
0.46162,1675,4,64
0.61569,1700,4,64
0.4832,1725,4,64
0.59662,1750,4,64
0.56037,1775,4,64
0.55096,1800,4,64
0.55909,1825,4,64
0.7492,1850,4,64
0.71516,1875,4,64
0.74174,1950,4,64
0.74904,1975,4,64
0.7592,2000,4,64
0.31201,25,4,65
0.3545,50,4,65
0.38135,75,4,65
0.35826,100,4,65
0.3894,125,4,65
0.35003,150,4,65
0.39425,175,4,65
0.37315,200,4,65
0.35228,225,4,65
0.46592,250,4,65
0.41203,275,4,65
0.37486,300,4,65
0.40568,325,4,65
0.44387,350,4,65
0.37244,375,4,65
0.38292,400,4,65
0.33476,425,4,65
0.36687,450,4,65
0.36305,475,4,65
0.3813,500,4,65
0.38924,525,4,65
0.38534,550,4,65
0.38383,575,4,65
0.38974,600,4,65
0.39114,625,4,65
0.38624,650,4,65
0.42821,675,4,65
0.42594,700,4,65
0.43068,725,4,65
0.39454,750,4,65
0.4537,775,4,65
0.45321,800,4,65
0.401,825,4,65
0.34721,850,4,65
0.36419,875,4,65
0.43647,900,4,65
0.36112,925,4,65
0.37883,950,4,65
0.41087,975,4,65
0.40843,1000,4,65
0.35418,1025,4,65
0.42977,1050,4,65
0.50452,1075,4,65
0.48721,1100,4,65
0.43893,1125,4,65
0.38022,1150,4,65
0.44083,1175,4,65
0.44754,1200,4,65
0.43705,1225,4,65
0.54673,1250,4,65
0.57626,1275,4,65
0.55382,1300,4,65
0.68033,1325,4,65
0.51415,1350,4,65
0.49396,1375,4,65
0.43755,1400,4,65
0.47087,1425,4,65
0.52718,1450,4,65
0.4667,1475,4,65
0.49469,1500,4,65
0.5796,1525,4,65
0.55282,1550,4,65
0.44572,1575,4,65
0.51617,1600,4,65
0.54488,1625,4,65
0.52233,1650,4,65
0.516,1675,4,65
0.44999,1700,4,65
0.48481,1725,4,65
0.40746,1750,4,65
0.45836,1775,4,65
0.42899,1800,4,65
0.51632,1825,4,65
0.58686,1850,4,65
0.5875,1875,4,65
0.70121,1950,4,65
0.68357,1975,4,65
0.73561,2000,4,65
0.30143,25,4,66
0.33865,50,4,66
0.3462,75,4,66
0.35963,100,4,66
0.37982,125,4,66
0.47257,150,4,66
0.48935,175,4,66
0.44885,200,4,66
0.46245,225,4,66
0.48803,250,4,66
0.47579,275,4,66
0.53245,300,4,66
0.50187,325,4,66
0.43736,350,4,66
0.48309,375,4,66
0.55039,400,4,66
0.41018,425,4,66
0.52641,450,4,66
0.58752,475,4,66
0.59192,500,4,66
0.56647,525,4,66
0.58291,550,4,66
0.37985,575,4,66
0.55899,600,4,66
0.52408,625,4,66
0.50117,650,4,66
0.58252,675,4,66
0.54776,700,4,66
0.62358,725,4,66
0.62406,750,4,66
0.5471,775,4,66
0.56549,800,4,66
0.53434,825,4,66
0.69979,850,4,66
0.59054,875,4,66
0.54828,900,4,66
0.62957,925,4,66
0.56782,950,4,66
0.50532,975,4,66
0.43608,1000,4,66
0.50383,1025,4,66
0.54539,1050,4,66
0.46799,1075,4,66
0.52974,1100,4,66
0.42925,1125,4,66
0.42666,1150,4,66
0.40173,1175,4,66
0.39608,1200,4,66
0.44054,1225,4,66
0.48901,1250,4,66
0.58441,1275,4,66
0.64895,1300,4,66
0.68364,1325,4,66
0.60211,1350,4,66
0.60421,1375,4,66
0.62649,1400,4,66
0.77714,1425,4,66
0.68762,1450,4,66
0.66776,1475,4,66
0.70898,1500,4,66
0.75899,1525,4,66
0.70598,1550,4,66
0.61927,1575,4,66
0.66708,1600,4,66
0.54873,1625,4,66
0.63204,1650,4,66
0.69595,1675,4,66
0.68794,1700,4,66
0.64203,1725,4,66
0.77144,1750,4,66
0.71038,1775,4,66
0.7617,1800,4,66
0.71624,1825,4,66
0.80352,1850,4,66
0.74092,1875,4,66
0.80707,1950,4,66
0.71914,1975,4,66
0.74974,2000,4,66
0.36962,25,4,67
0.3442,50,4,67
0.31322,75,4,67
0.40869,100,4,67
0.56927,125,4,67
0.47595,150,4,67
0.59296,175,4,67
0.58639,200,4,67
0.38921,225,4,67
0.53379,250,4,67
0.48251,275,4,67
0.47783,300,4,67
0.49306,325,4,67
0.52665,350,4,67
0.4557,375,4,67
0.45197,400,4,67
0.41464,425,4,67
0.50343,450,4,67
0.4538,475,4,67
0.52316,500,4,67
0.65238,525,4,67
0.64971,550,4,67
0.58699,575,4,67
0.54145,600,4,67
0.53964,625,4,67
0.57403,650,4,67
0.56003,675,4,67
0.57,700,4,67
0.5182,725,4,67
0.49095,750,4,67
0.49636,775,4,67
0.45193,800,4,67
0.55416,825,4,67
0.65339,850,4,67
0.53982,875,4,67
0.55434,900,4,67
0.66073,925,4,67
0.72712,950,4,67
0.56872,975,4,67
0.56074,1000,4,67
0.61812,1025,4,67
0.58739,1050,4,67
0.66606,1075,4,67
0.5314,1100,4,67
0.7448,1125,4,67
0.55708,1150,4,67
0.73945,1175,4,67
0.73446,1200,4,67
0.71232,1225,4,67
0.62762,1250,4,67
0.64411,1275,4,67
0.62159,1300,4,67
0.70926,1325,4,67
0.66682,1350,4,67
0.61733,1375,4,67
0.55356,1400,4,67
0.59746,1425,4,67
0.71135,1450,4,67
0.70301,1475,4,67
0.72448,1500,4,67
0.72912,1525,4,67
0.78008,1550,4,67
0.55186,1575,4,67
0.6435,1600,4,67
0.64397,1625,4,67
0.58039,1650,4,67
0.56333,1675,4,67
0.59298,1700,4,67
0.64949,1725,4,67
0.59581,1750,4,67
0.87213,1775,4,67
0.66016,1800,4,67
0.68751,1825,4,67
0.6862,1850,4,67
0.67304,1875,4,67
0.75312,1950,4,67
0.7021,1975,4,67
0.71813,2000,4,67
0.30747,25,4,68
0.31305,50,4,68
0.34389,75,4,68
0.40871,100,4,68
0.5331,125,4,68
0.55731,150,4,68
0.53226,175,4,68
0.58753,200,4,68
0.66133,225,4,68
0.58465,250,4,68
0.65323,275,4,68
0.77407,300,4,68
0.75419,325,4,68
0.74042,350,4,68
0.66881,375,4,68
0.65647,400,4,68
0.61632,425,4,68
0.74268,450,4,68
0.8029,475,4,68
0.75419,500,4,68
0.87732,525,4,68
0.79454,550,4,68
0.75795,575,4,68
0.74582,600,4,68
0.76305,625,4,68
0.53014,650,4,68
0.62894,675,4,68
0.79308,700,4,68
0.77523,725,4,68
0.886,750,4,68
0.89188,775,4,68
0.88978,800,4,68
0.66106,825,4,68
0.6987,850,4,68
0.77745,875,4,68
0.85526,900,4,68
0.68408,925,4,68
0.83462,950,4,68
0.78046,975,4,68
0.77277,1000,4,68
0.49521,1025,4,68
0.60981,1050,4,68
0.62984,1075,4,68
0.6073,1100,4,68
0.77377,1125,4,68
0.59828,1150,4,68
0.77037,1175,4,68
0.721,1200,4,68
0.68554,1225,4,68
0.74794,1250,4,68
0.6855,1275,4,68
0.74945,1300,4,68
0.83573,1325,4,68
0.91788,1350,4,68
0.71263,1375,4,68
0.8261,1400,4,68
0.86023,1425,4,68
0.82046,1450,4,68
0.76408,1475,4,68
0.79639,1500,4,68
0.63059,1525,4,68
0.80511,1550,4,68
0.74894,1575,4,68
0.69349,1600,4,68
0.73336,1625,4,68
0.76447,1650,4,68
0.9197,1675,4,68
0.84449,1700,4,68
0.85235,1725,4,68
0.88606,1750,4,68
0.8365,1775,4,68
0.84993,1800,4,68
0.89547,1825,4,68
0.85982,1850,4,68
0.82324,1875,4,68
0.33707,25,4,69
0.32163,50,4,69
0.32696,75,4,69
0.31844,100,4,69
0.37254,125,4,69
0.33295,150,4,69
0.43839,175,4,69
0.45913,200,4,69
0.47322,225,4,69
0.47412,250,4,69
0.61601,275,4,69
0.62956,300,4,69
0.56677,325,4,69
0.54694,350,4,69
0.57536,375,4,69
0.58118,400,4,69
0.45165,425,4,69
0.39827,450,4,69
0.51332,475,4,69
0.44105,500,4,69
0.46182,525,4,69
0.32226,550,4,69
0.28254,575,4,69
0.30238,600,4,69
0.31944,625,4,69
0.25838,650,4,69
0.29942,675,4,69
0.26223,700,4,69
0.28832,725,4,69
0.32094,750,4,69
0.35183,775,4,69
0.42046,800,4,69
0.35958,825,4,69
0.32738,850,4,69
0.35339,875,4,69
0.36226,900,4,69
0.2681,925,4,69
0.35404,950,4,69
0.32375,975,4,69
0.33376,1000,4,69
0.27038,1025,4,69
0.28383,1050,4,69
0.29557,1075,4,69
0.28765,1100,4,69
0.24422,1125,4,69
0.28154,1150,4,69
0.28578,1175,4,69
0.42652,1200,4,69
0.26979,1225,4,69
0.35052,1250,4,69
0.3636,1275,4,69
0.32377,1300,4,69
0.28343,1325,4,69
0.29103,1350,4,69
0.33499,1375,4,69
0.30584,1400,4,69
0.50616,1425,4,69
0.44698,1450,4,69
0.59082,1475,4,69
0.65115,1500,4,69
0.46313,1525,4,69
0.71399,1550,4,69
0.61385,1575,4,69
0.332,1600,4,69
0.43482,1625,4,69
0.44086,1650,4,69
0.53116,1675,4,69
0.58555,1700,4,69
0.58104,1725,4,69
0.49192,1750,4,69
0.44328,1775,4,69
0.46605,1800,4,69
0.59288,1825,4,69
0.53408,1850,4,69
0.58837,1875,4,69
0.53573,1950,4,69
0.57746,1975,4,69
0.6258,2000,4,69
0.5437,25,4,70
0.50392,50,4,70
0.72054,75,4,70
0.77735,100,4,70
0.68182,125,4,70
0.75212,225,4,70
0.51892,250,4,70
0.58452,275,4,70
0.80001,300,4,70
0.63791,325,4,70
0.67726,350,4,70
0.76033,375,4,70
0.82673,400,4,70
0.70578,425,4,70
0.68756,450,4,70
0.81632,475,4,70
0.87406,500,4,70
0.80529,525,4,70
0.83495,550,4,70
0.92987,575,4,70
0.78849,600,4,70
0.8426,625,4,70
0.85227,650,4,70
0.81278,675,4,70
0.81162,700,4,70
0.79192,725,4,70
0.7408,750,4,70
0.75263,775,4,70
0.86573,800,4,70
0.89805,825,4,70
0.9533,850,4,70
0.95498,875,4,70
0.85894,900,4,70
0.91122,925,4,70
0.80496,950,4,70
0.85097,975,4,70
0.7863,1000,4,70
0.83152,1025,4,70
0.67794,1050,4,70
0.94047,1075,4,70
0.7951,1100,4,70
0.68385,1125,4,70
0.85845,1150,4,70
0.91904,1175,4,70
0.85105,1200,4,70
0.77308,1225,4,70
0.86553,1250,4,70
0.82308,1275,4,70
0.90534,1300,4,70
0.86756,1325,4,70
0.87383,1350,4,70
0.80574,1375,4,70
0.89475,1400,4,70
0.86151,1425,4,70
0.9522,1450,4,70
0.97056,1475,4,70
0.9738,1500,4,70
0.94757,1525,4,70
1,1550,4,70
0.86329,1575,4,70
0.95837,1600,4,70
0.88941,1625,4,70
0.88289,1650,4,70
0.85062,1675,4,70
0.93995,1700,4,70
0.73107,1725,4,70
0.74471,1750,4,70
0.83996,1775,4,70
0.7834,1800,4,70
0.80483,1825,4,70
0.86407,1850,4,70
0.86396,1875,4,70
0.78998,1950,4,70
0.83897,1975,4,70
0.91873,2000,4,70
0.21543,25,4,71
0.27126,50,4,71
0.28462,75,4,71
0.26871,100,4,71
0.26145,125,4,71
0.37034,150,4,71
0.35715,175,4,71
0.39737,200,4,71
0.39728,225,4,71
0.46447,250,4,71
0.49083,275,4,71
0.44359,300,4,71
0.47327,325,4,71
0.46327,350,4,71
0.52762,375,4,71
0.52298,400,4,71
0.45851,425,4,71
0.44994,450,4,71
0.4628,475,4,71
0.53518,500,4,71
0.41309,525,4,71
0.4407,550,4,71
0.61235,575,4,71
0.56711,600,4,71
0.57362,625,4,71
0.61063,650,4,71
0.59354,675,4,71
0.60594,700,4,71
0.53238,725,4,71
0.58536,750,4,71
0.64814,775,4,71
0.56199,800,4,71
0.5282,825,4,71
0.61593,850,4,71
0.59394,875,4,71
0.57691,900,4,71
0.66742,925,4,71
0.73135,950,4,71
0.68883,975,4,71
0.63035,1000,4,71
0.55396,1025,4,71
0.62671,1050,4,71
0.66374,1075,4,71
0.69412,1100,4,71
0.62539,1125,4,71
0.64752,1150,4,71
0.64258,1175,4,71
0.64132,1200,4,71
0.65367,1225,4,71
0.62926,1250,4,71
0.61375,1275,4,71
0.68057,1300,4,71
0.72262,1325,4,71
0.62577,1350,4,71
0.66277,1375,4,71
0.67712,1400,4,71
0.59578,1425,4,71
0.67438,1450,4,71
0.64498,1475,4,71
0.72346,1500,4,71
0.6979,1525,4,71
0.60781,1550,4,71
0.53495,1575,4,71
0.57293,1600,4,71
0.62145,1625,4,71
0.65514,1650,4,71
0.76181,1675,4,71
0.65022,1700,4,71
0.74338,1725,4,71
0.81604,1750,4,71
0.77275,1775,4,71
0.59969,1800,4,71
0.62458,1825,4,71
0.77739,1850,4,71
0.71139,1875,4,71
0.54167,1950,4,71
0.7369,1975,4,71
0.64926,2000,4,71
0.30496,25,4,72
0.36964,50,4,72
0.32644,75,4,72
0.36883,100,4,72
0.41575,125,4,72
0.44934,150,4,72
0.56481,175,4,72
0.43406,200,4,72
0.39441,225,4,72
0.49974,250,4,72
0.53113,275,4,72
0.49037,300,4,72
0.51005,325,4,72
0.46975,350,4,72
0.53288,375,4,72
0.64981,400,4,72
0.44994,425,4,72
0.56802,450,4,72
0.68233,475,4,72
0.60898,500,4,72
0.68278,525,4,72
0.62101,550,4,72
0.70733,575,4,72
0.6854,600,4,72
0.59945,625,4,72
0.74133,650,4,72
0.81148,675,4,72
0.81491,700,4,72
0.71826,725,4,72
0.80413,750,4,72
0.741,775,4,72
0.77155,800,4,72
0.61504,825,4,72
0.71595,850,4,72
0.70153,875,4,72
0.89413,900,4,72
0.83496,925,4,72
0.86937,950,4,72
0.76822,975,4,72
0.7583,1000,4,72
0.78718,1025,4,72
0.79129,1050,4,72
0.48751,1075,4,72
0.37301,1100,4,72
0.4138,1125,4,72
0.35617,1150,4,72
0.38808,1175,4,72
0.50798,1200,4,72
0.49956,1225,4,72
0.67,1250,4,72
0.67371,1275,4,72
0.67971,1300,4,72
0.63193,1325,4,72
0.66656,1350,4,72
0.69294,1375,4,72
0.77845,1400,4,72
0.36664,1425,4,72
0.53637,1450,4,72
0.78168,1475,4,72
0.75419,1500,4,72
0.5793,1525,4,72
0.72361,1550,4,72
0.53144,1575,4,72
0.48448,1600,4,72
0.73987,1625,4,72
0.54743,1650,4,72
0.8451,1675,4,72
0.8327,1700,4,72
0.78701,1725,4,72
0.67561,1750,4,72
0.47927,1775,4,72
0.44366,1800,4,72
0.62797,1825,4,72
0.62912,1850,4,72
0.6036,1875,4,72
0.55028,1950,4,72
0.59298,1975,4,72
0.55058,2000,4,72
0.3228,25,4,74
0.36395,50,4,74
0.39285,75,4,74
0.47627,100,4,74
0.417,125,4,74
0.42719,150,4,74
0.46626,175,4,74
0.48674,200,4,74
0.52702,225,4,74
0.53207,250,4,74
0.42267,275,4,74
0.47501,300,4,74
0.49519,325,4,74
0.54879,350,4,74
0.57949,375,4,74
0.55104,400,4,74
0.64743,425,4,74
0.66755,450,4,74
0.63226,475,4,74
0.66152,500,4,74
0.67351,525,4,74
0.71017,550,4,74
0.65248,575,4,74
0.67111,600,4,74
0.64442,625,4,74
0.64108,650,4,74
0.55137,675,4,74
0.51914,700,4,74
0.61267,725,4,74
0.52252,750,4,74
0.54096,775,4,74
0.53194,800,4,74
0.57609,825,4,74
0.69595,850,4,74
0.74443,875,4,74
0.49862,900,4,74
0.74113,925,4,74
0.75033,950,4,74
0.71442,975,4,74
0.68169,1000,4,74
0.65527,1025,4,74
0.60397,1050,4,74
0.70749,1075,4,74
0.69492,1100,4,74
0.67964,1125,4,74
0.78328,1150,4,74
0.74468,1175,4,74
0.82671,1200,4,74
0.86872,1225,4,74
0.66186,1250,4,74
0.76219,1275,4,74
0.78625,1300,4,74
0.83165,1325,4,74
0.7479,1350,4,74
0.83505,1375,4,74
0.64711,1400,4,74
0.75865,1425,4,74
0.78017,1450,4,74
0.80001,1475,4,74
0.73193,1500,4,74
0.91573,1525,4,74
0.76022,1550,4,74
0.70037,1575,4,74
0.82703,1600,4,74
0.72352,1625,4,74
0.92612,1650,4,74
0.71684,1675,4,74
0.82817,1700,4,74
0.84144,1725,4,74
0.87675,1750,4,74
0.86233,1775,4,74
0.83419,1800,4,74
0.63216,1825,4,74
0.89591,1850,4,74
0.82779,1875,4,74
0.78493,1950,4,74
0.82979,1975,4,74
0.89008,2000,4,74
0.38004,25,4,75
0.44537,50,4,75
0.531,75,4,75
0.48404,100,4,75
0.51734,125,4,75
0.5585,150,4,75
0.61933,175,4,75
0.50197,200,4,75
0.45489,225,4,75
0.56608,250,4,75
0.62016,275,4,75
0.70623,300,4,75
0.6208,325,4,75
0.66962,350,4,75
0.70434,375,4,75
0.60756,400,4,75
0.72326,425,4,75
0.74854,450,4,75
0.74811,475,4,75
0.62735,500,4,75
0.73397,525,4,75
0.73907,550,4,75
0.74193,575,4,75
0.74473,600,4,75
0.59126,625,4,75
0.74955,650,4,75
0.86243,675,4,75
0.62218,700,4,75
0.7224,725,4,75
0.80324,750,4,75
0.89084,775,4,75
0.79644,800,4,75
0.70965,825,4,75
0.86839,850,4,75
0.91806,875,4,75
0.88994,900,4,75
0.8725,925,4,75
0.88158,950,4,75
0.85728,975,4,75
0.84925,1000,4,75
0.8031,1025,4,75
0.91254,1050,4,75
0.88171,1075,4,75
0.80994,1100,4,75
0.90813,1125,4,75
0.8872,1150,4,75
0.89416,1175,4,75
0.87498,1200,4,75
0.78427,1225,4,75
0.92431,1250,4,75
0.83038,1275,4,75
0.81521,1300,4,75
0.94306,1325,4,75
0.87361,1350,4,75
0.92838,1375,4,75
0.95948,1400,4,75
0.88984,1425,4,75
0.93103,1450,4,75
0.88046,1475,4,75
0.9206,1500,4,75
0.91049,1525,4,75
0.90507,1550,4,75
0.89843,1575,4,75
0.89244,1600,4,75
0.86989,1625,4,75
0.95013,1650,4,75
0.85147,1675,4,75
0.91945,1700,4,75
0.87254,1725,4,75
0.93483,1750,4,75
0.82463,1775,4,75
0.86871,1800,4,75
0.88756,1825,4,75
0.85181,1850,4,75
0.96236,1875,4,75
0.91379,1950,4,75
0.96653,1975,4,75
0.8474,2000,4,75
0.40597,25,4,76
0.46712,50,4,76
0.45391,75,4,76
0.53393,100,4,76
0.65292,125,4,76
0.60233,150,4,76
0.67846,175,4,76
0.6722,200,4,76
0.68878,225,4,76
0.76436,250,4,76
0.67511,275,4,76
0.79165,300,4,76
0.77561,325,4,76
0.85316,350,4,76
0.75846,375,4,76
0.82416,400,4,76
0.52232,425,4,76
0.72037,450,4,76
0.71756,475,4,76
0.8254,500,4,76
0.74747,525,4,76
0.8256,550,4,76
0.82748,575,4,76
0.81484,600,4,76
0.74045,625,4,76
0.74846,650,4,76
0.75355,675,4,76
0.85324,700,4,76
0.8724,725,4,76
0.78473,750,4,76
0.86004,775,4,76
0.79876,800,4,76
0.74237,825,4,76
0.85523,850,4,76
0.93472,875,4,76
0.8489,900,4,76
0.85581,925,4,76
0.86429,950,4,76
0.81621,975,4,76
0.90168,1000,4,76
0.73559,1025,4,76
0.79906,1050,4,76
0.75851,1075,4,76
0.89276,1100,4,76
0.78214,1125,4,76
0.81337,1150,4,76
0.82222,1175,4,76
0.77673,1200,4,76
0.6608,1225,4,76
0.72468,1250,4,76
0.68653,1275,4,76
0.68581,1300,4,76
0.78922,1325,4,76
0.78552,1350,4,76
0.6898,1375,4,76
0.65837,1400,4,76
0.8266,1425,4,76
0.84508,1450,4,76
0.86833,1475,4,76
0.85885,1500,4,76
0.73652,1525,4,76
0.78148,1550,4,76
0.87483,1575,4,76
0.83733,1600,4,76
0.84306,1625,4,76
0.83919,1650,4,76
0.83845,1675,4,76
0.94151,1700,4,76
0.81051,1725,4,76
0.83202,1750,4,76
0.79871,1775,4,76
0.91696,1800,4,76
0.7023,1825,4,76
0.83933,1850,4,76
0.79207,1875,4,76
0.84709,1950,4,76
0.83829,1975,4,76
0.85539,2000,4,76
0.39722,25,4,77
0.38738,50,4,77
0.4167,75,4,77
0.43339,100,4,77
0.41635,125,4,77
0.42451,150,4,77
0.45169,175,4,77
0.44364,200,4,77
0.42752,225,4,77
0.36445,250,4,77
0.37922,275,4,77
0.31886,300,4,77
0.33765,325,4,77
0.3417,350,4,77
0.31468,375,4,77
0.34717,400,4,77
0.36828,425,4,77
0.42685,450,4,77
0.47484,475,4,77
0.3595,500,4,77
0.41612,525,4,77
0.4421,550,4,77
0.53416,575,4,77
0.57544,600,4,77
0.50733,625,4,77
0.43728,650,4,77
0.44465,675,4,77
0.53338,700,4,77
0.47253,725,4,77
0.42658,750,4,77
0.45323,775,4,77
0.45979,800,4,77
0.44536,825,4,77
0.51125,850,4,77
0.4993,875,4,77
0.54575,900,4,77
0.32229,925,4,77
0.50811,950,4,77
0.47484,975,4,77
0.45304,1000,4,77
0.44188,1025,4,77
0.41018,1050,4,77
0.57913,1075,4,77
0.52563,1100,4,77
0.67166,1125,4,77
0.65613,1150,4,77
0.5339,1175,4,77
0.36046,1200,4,77
0.42321,1225,4,77
0.37578,1250,4,77
0.42549,1275,4,77
0.54425,1300,4,77
0.63189,1325,4,77
0.6223,1350,4,77
0.61503,1375,4,77
0.43189,1400,4,77
0.46618,1425,4,77
0.50845,1450,4,77
0.44789,1475,4,77
0.62396,1500,4,77
0.49925,1525,4,77
0.31605,1550,4,77
0.55358,1575,4,77
0.37143,1600,4,77
0.34497,1625,4,77
0.57052,1650,4,77
0.50911,1675,4,77
0.60023,1700,4,77
0.65772,1725,4,77
0.38519,1750,4,77
0.46488,1775,4,77
0.45485,1800,4,77
0.61362,1825,4,77
0.61522,1850,4,77
0.62811,1875,4,77
0.42075,1950,4,77
0.4633,1975,4,77
0.37728,2000,4,77
0.37622,25,4,78
0.2641,50,4,78
0.27457,75,4,78
0.32604,100,4,78
0.34921,125,4,78
0.33547,150,4,78
0.34848,175,4,78
0.43904,200,4,78
0.38721,225,4,78
0.38143,250,4,78
0.49396,275,4,78
0.45102,300,4,78
0.54211,325,4,78
0.60961,350,4,78
0.60446,375,4,78
0.61584,400,4,78
0.50411,425,4,78
0.54985,450,4,78
0.5682,475,4,78
0.63788,500,4,78
0.59614,525,4,78
0.70776,550,4,78
0.65289,575,4,78
0.54517,600,4,78
0.51802,625,4,78
0.37182,650,4,78
0.38076,675,4,78
0.4906,700,4,78
0.47295,725,4,78
0.48847,750,4,78
0.56636,775,4,78
0.53638,800,4,78
0.50589,825,4,78
0.4665,850,4,78
0.66806,875,4,78
0.6197,900,4,78
0.59675,925,4,78
0.59308,950,4,78
0.67482,975,4,78
0.67048,1000,4,78
0.65059,1025,4,78
0.59799,1050,4,78
0.67196,1075,4,78
0.69463,1100,4,78
0.58434,1125,4,78
0.67443,1150,4,78
0.68503,1175,4,78
0.69551,1200,4,78
0.56599,1225,4,78
0.49414,1250,4,78
0.68046,1275,4,78
0.63777,1300,4,78
0.7545,1325,4,78
0.79631,1350,4,78
0.62712,1375,4,78
0.66484,1400,4,78
0.71827,1425,4,78
0.63161,1450,4,78
0.84613,1475,4,78
0.82117,1500,4,78
0.71476,1525,4,78
0.73938,1550,4,78
0.78372,1575,4,78
0.77894,1600,4,78
0.59421,1625,4,78
0.61673,1650,4,78
0.70448,1675,4,78
0.76179,1700,4,78
0.748,1725,4,78
0.84052,1750,4,78
0.83162,1775,4,78
0.79152,1800,4,78
0.46232,1825,4,78
0.50007,1850,4,78
0.45746,1875,4,78
0.76394,1950,4,78
0.7514,1975,4,78
0.75775,2000,4,78
0.37763,25,4,79
0.46603,50,4,79
0.55213,75,4,79
0.56638,100,4,79
0.61331,125,4,79
0.57701,150,4,79
0.50556,175,4,79
0.44209,200,4,79
0.50064,225,4,79
0.4312,250,4,79
0.4981,275,4,79
0.44877,300,4,79
0.48943,325,4,79
0.36849,350,4,79
0.32377,375,4,79
0.30219,400,4,79
0.47749,425,4,79
0.55961,450,4,79
0.48297,475,4,79
0.69557,500,4,79
0.57433,525,4,79
0.57671,550,4,79
0.62645,575,4,79
0.69454,600,4,79
0.725,625,4,79
0.73852,650,4,79
0.72656,675,4,79
0.77684,700,4,79
0.72589,725,4,79
0.61847,750,4,79
0.50458,775,4,79
0.456,800,4,79
0.65821,825,4,79
0.76144,850,4,79
0.67351,875,4,79
0.85946,900,4,79
0.86003,925,4,79
0.85589,950,4,79
0.83391,975,4,79
0.82158,1000,4,79
0.50116,1025,4,79
0.66905,1050,4,79
0.67366,1075,4,79
0.65469,1100,4,79
0.58081,1125,4,79
0.5456,1150,4,79
0.69672,1175,4,79
0.68403,1200,4,79
0.647,1225,4,79
0.6452,1250,4,79
0.77031,1275,4,79
0.83648,1300,4,79
0.67705,1325,4,79
0.69863,1350,4,79
0.74882,1375,4,79
0.81441,1400,4,79
0.82924,1425,4,79
0.78693,1450,4,79
0.66944,1475,4,79
0.75398,1500,4,79
0.82362,1525,4,79
0.80803,1550,4,79
0.86447,1575,4,79
0.77213,1600,4,79
0.792,1625,4,79
0.77507,1650,4,79
0.81757,1675,4,79
0.8413,1700,4,79
0.86546,1725,4,79
0.80632,1750,4,79
0.83939,1775,4,79
0.76636,1800,4,79
0.6904,1825,4,79
0.85446,1850,4,79
0.71253,1875,4,79
0.65193,1950,4,79
0.72128,1975,4,79
0.87672,2000,4,79
0.44743,25,4,80
0.40766,50,4,80
0.44509,75,4,80
0.3326,100,4,80
0.37911,125,4,80
0.37036,150,4,80
0.365,175,4,80
0.34216,200,4,80
0.29933,225,4,80
0.29818,250,4,80
0.3001,275,4,80
0.2979,300,4,80
0.29819,325,4,80
0.29677,350,4,80
0.29169,375,4,80
0.30253,400,4,80
0.35734,425,4,80
0.42177,450,4,80
0.39996,475,4,80
0.4024,500,4,80
0.39947,525,4,80
0.39687,550,4,80
0.4218,575,4,80
0.46038,600,4,80
0.38888,625,4,80
0.43432,650,4,80
0.50051,675,4,80
0.48208,700,4,80
0.53118,725,4,80
0.42723,750,4,80
0.44639,775,4,80
0.44262,800,4,80
0.37606,825,4,80
0.39651,850,4,80
0.54057,875,4,80
0.49374,900,4,80
0.49749,925,4,80
0.49134,950,4,80
0.51907,975,4,80
0.52132,1000,4,80
0.51832,1025,4,80
0.49846,1050,4,80
0.57404,1075,4,80
0.51112,1100,4,80
0.55137,1125,4,80
0.64512,1150,4,80
0.5709,1175,4,80
0.55315,1200,4,80
0.43361,1225,4,80
0.5531,1250,4,80
0.47889,1275,4,80
0.5351,1300,4,80
0.48836,1325,4,80
0.72999,1350,4,80
0.68751,1375,4,80
0.63541,1400,4,80
0.55625,1425,4,80
0.62212,1450,4,80
0.5223,1475,4,80
0.43239,1500,4,80
0.52312,1525,4,80
0.51995,1550,4,80
0.51526,1575,4,80
0.60596,1600,4,80
0.51024,1625,4,80
0.53269,1650,4,80
0.61,1675,4,80
0.58774,1700,4,80
0.61692,1725,4,80
0.53867,1750,4,80
0.51764,1775,4,80
0.5676,1800,4,80
0.45107,1825,4,80
0.54565,1850,4,80
0.53644,1875,4,80
0.45506,1950,4,80
0.60423,1975,4,80
0.57935,2000,4,80
0.29998,25,4,81
0.45739,50,4,81
0.47498,75,4,81
0.4137,100,4,81
0.43076,125,4,81
0.4539,150,4,81
0.4845,175,4,81
0.47818,200,4,81
0.48672,225,4,81
0.5001,250,4,81
0.48546,275,4,81
0.52536,300,4,81
0.51114,325,4,81
0.55295,350,4,81
0.67096,375,4,81
0.59268,400,4,81
0.6113,425,4,81
0.68373,450,4,81
0.63787,475,4,81
0.57418,500,4,81
0.67332,525,4,81
0.61538,550,4,81
0.65437,575,4,81
0.63988,600,4,81
0.5304,625,4,81
0.54566,650,4,81
0.58153,675,4,81
0.61275,700,4,81
0.62057,725,4,81
0.70878,750,4,81
0.63117,775,4,81
0.75129,800,4,81
0.55558,825,4,81
0.6325,850,4,81
0.57533,875,4,81
0.62095,900,4,81
0.63457,925,4,81
0.69858,950,4,81
0.72019,975,4,81
0.71795,1000,4,81
0.58709,1025,4,81
0.65653,1050,4,81
0.73828,1075,4,81
0.73307,1100,4,81
0.6751,1125,4,81
0.71583,1150,4,81
0.77251,1175,4,81
0.66644,1200,4,81
0.61023,1225,4,81
0.74818,1250,4,81
0.66338,1275,4,81
0.7274,1300,4,81
0.7641,1325,4,81
0.69379,1350,4,81
0.70817,1375,4,81
0.79368,1400,4,81
0.6672,1425,4,81
0.79208,1450,4,81
0.88344,1475,4,81
0.68816,1500,4,81
0.83064,1525,4,81
0.836,1550,4,81
0.8415,1575,4,81
0.77311,1600,4,81
0.71544,1625,4,81
0.71679,1650,4,81
0.82469,1675,4,81
0.85611,1700,4,81
0.78862,1725,4,81
0.84142,1750,4,81
0.81402,1775,4,81
0.86156,1800,4,81
0.74417,1825,4,81
0.6774,1850,4,81
0.9155,1875,4,81
0.72223,1950,4,81
0.82206,1975,4,81
0.73172,2000,4,81
