-0.035287,1,1,2
0.01681,1,1,3
0.017327,1,1,5
0.02601,1,1,6
-0.057617,1,1,7
-0.030895,1,1,10
0.011237,1,1,11
0.015063,1,1,13
0.026898,1,1,14
-0.0091605,1,1,17
-0.020301,1,1,21
-0.0047388,2,1,22
-0.00071207,2,1,23
0.025234,2,1,24
-0.022613,2,1,25
-0.0071687,2,1,28
0.018008,2,1,30
0.018891,2,1,31
0.0034426,2,1,32
0.0019484,2,1,34
0.0066972,2,1,35
0.03725,2,1,36
-0.04022,2,1,38
-0.004136,2,1,39
0.0085149,2,1,41
-0.011639,3,1,42
0.0266,3,1,43
-0.13671,3,1,44
0.0095033,3,1,45
0.025145,3,1,46
-0.024702,3,1,47
-0.034809,3,1,48
0.04757,3,1,49
0.0066169,3,1,50
-0.0030198,3,1,51
0.039576,3,1,52
-0.011171,3,1,53
0.062892,3,1,54
0.031848,3,1,55
0.064149,3,1,56
0.067755,3,1,57
0.049328,3,1,59
-0.014943,3,1,60
0.046606,3,1,61
0.0073333,4,1,62
0.023777,4,1,63
0.016462,4,1,64
0.037523,4,1,65
0.015647,4,1,66
0.021187,4,1,67
0.015218,4,1,68
0.037189,4,1,69
0.022671,4,1,70
-0.049861,4,1,71
0.0063106,4,1,72
-0.0055012,4,1,74
0.010965,4,1,75
-0.033172,4,1,76
0.018778,4,1,77
-0.00602,4,1,78
0.0063215,4,1,79
0.017835,4,1,80
0.017248,4,1,81
