-0.012355,75,1,1
-0.03822,150,1,1
-0.012399,175,1,1
-0.046122,200,1,1
0.039424,25,1,2
0.093328,50,1,2
0.068369,75,1,2
0.015124,150,1,2
0.01899,175,1,2
0.023171,200,1,2
-0.019828,50,1,3
0.0046864,75,1,3
-0.022857,150,1,3
0.012817,175,1,3
-0.029941,200,1,3
-0.029057,150,1,4
-0.019789,175,1,4
-0.031199,200,1,4
-0.037561,50,1,5
0.0081772,75,1,5
0.0019784,150,1,5
0.041154,175,1,5
0.015665,200,1,5
0.027916,50,1,6
0.027029,75,1,6
0.00031062,175,1,6
0.019464,200,1,6
0.015473,25,1,7
0.0029466,50,1,7
-0.011633,75,1,7
-0.01125,150,1,7
-0.010244,175,1,7
-0.0089151,200,1,7
-0.0072557,150,1,8
0.045668,50,1,10
0.07411,75,1,10
0.047111,150,1,10
0.041441,175,1,10
0.037781,200,1,10
0.010625,75,1,11
-0.02068,150,1,11
-0.025677,175,1,11
-0.067544,200,1,11
0.0011531,50,1,12
-0.019656,75,1,12
-0.011284,150,1,12
0.0035743,175,1,12
0.017349,200,1,12
0.016164,25,1,13
-0.0092878,50,1,13
0.01131,75,1,13
-0.0033978,150,1,13
-0.012293,175,1,13
0.004823,200,1,13
-0.0014853,25,1,14
-0.0028622,50,1,14
-0.013381,75,1,14
0.0053318,150,1,14
0.010251,175,1,14
0.010444,200,1,14
0.041173,50,1,17
0.0024213,175,1,17
-0.030646,200,1,17
0.058011,50,1,21
0.010284,75,1,21
0.032012,150,1,21
-0.017475,175,1,21
0.060991,25,2,22
0.02924,50,2,22
0.044347,75,2,22
0.036481,100,2,22
0.062012,125,2,22
0.057854,150,2,22
0.028777,175,2,22
0.052766,200,2,22
0.036343,225,2,22
0.017105,250,2,22
0.022234,275,2,22
0.0097742,300,2,22
0.017783,325,2,22
0.019112,350,2,22
0.0022473,375,2,22
0.024775,400,2,22
-0.011566,425,2,22
0.019401,450,2,22
0.025488,475,2,22
-0.018996,550,2,22
-2.8638e-05,575,2,22
0.0096165,600,2,22
0.0056867,625,2,22
-0.015682,650,2,22
-0.0043621,675,2,22
-0.0009491,700,2,22
0.0071803,725,2,22
-0.0027111,750,2,22
-0.0072215,775,2,22
-0.0094303,800,2,22
0.007607,825,2,22
0.018949,850,2,22
-0.0012941,875,2,22
0.00030459,900,2,22
-0.019382,925,2,22
-0.018972,950,2,22
-0.026671,975,2,22
-0.014,1000,2,22
0.043872,25,2,23
0.078944,50,2,23
0.040333,75,2,23
0.058611,100,2,23
0.049634,125,2,23
0.02322,150,2,23
0.039389,175,2,23
0.036922,200,2,23
0.024398,225,2,23
0.032306,250,2,23
0.017386,275,2,23
0.0072956,300,2,23
0.020389,325,2,23
0.024434,350,2,23
0.021613,375,2,23
0.026058,400,2,23
0.065456,425,2,23
0.03602,450,2,23
0.044838,475,2,23
0.059367,550,2,23
0.035512,575,2,23
0.019388,600,2,23
0.053991,625,2,23
0.01713,650,2,23
0.050105,675,2,23
0.035192,700,2,23
0.011163,725,2,23
0.022265,750,2,23
0.018682,775,2,23
0.0097757,800,2,23
0.015824,825,2,23
-0.00596,850,2,23
-0.014164,875,2,23
-0.025162,900,2,23
-0.025171,925,2,23
0.0039755,950,2,23
-0.017359,975,2,23
-0.01239,1000,2,23
-0.036876,375,2,24
-0.041513,475,2,24
-0.049268,575,2,24
-0.037742,600,2,24
-0.007377,625,2,24
0.0068676,650,2,24
0.016075,675,2,24
-0.016562,700,2,24
-0.0041971,725,2,24
-0.028032,750,2,24
-0.0066223,775,2,24
-0.032578,800,2,24
-0.034008,850,2,24
-0.03434,875,2,24
-0.015459,900,2,24
-0.014275,925,2,24
-0.01308,950,2,24
-0.028701,975,2,24
-0.045297,1000,2,24
-0.0084899,25,2,25
0.059023,50,2,25
0.014022,75,2,25
0.0055678,100,2,25
0.054987,125,2,25
-0.0072198,150,2,25
0.021589,175,2,25
0.039028,225,2,25
0.020434,250,2,25
0.021504,275,2,25
0.027604,300,2,25
0.0085923,325,2,25
0.011104,350,2,25
-0.0096405,375,2,25
-0.0032542,400,2,25
0.014599,425,2,25
0.022114,450,2,25
0.012986,475,2,25
-1.1396e-05,550,2,25
0.0095493,575,2,25
-0.0043644,600,2,25
0.029585,625,2,25
0.0040494,650,2,25
0.018375,675,2,25
-0.026988,700,2,25
0.00091296,725,2,25
-0.01869,750,2,25
-0.021023,775,2,25
-0.027655,800,2,25
0.021056,825,2,25
-0.0031304,850,2,25
-0.011686,875,2,25
-0.01801,900,2,25
-0.0093756,925,2,25
-0.03417,950,2,25
-0.013031,975,2,25
-0.025187,1000,2,25
0.003855,50,2,26
0.018462,75,2,26
-0.019709,100,2,26
0.016251,150,2,26
-0.0075339,175,2,26
-0.015829,200,2,26
-0.043543,225,2,26
-0.032202,250,2,26
-0.045163,275,2,26
-0.021761,300,2,26
-0.034511,325,2,26
-0.020076,350,2,26
-0.037832,425,2,26
-0.01089,450,2,26
-0.025815,475,2,26
-0.031795,550,2,26
0.0029954,575,2,26
0.0043589,600,2,26
-0.0095041,650,2,26
-0.012144,675,2,26
0.01028,700,2,26
0.022421,725,2,26
-0.01046,750,2,26
-0.010615,775,2,26
-0.010368,800,2,26
0.0068984,825,2,26
-0.024967,850,2,26
-0.033038,875,2,26
0.0021433,900,2,26
-0.037628,925,2,26
-0.044051,950,2,26
-0.023024,975,2,26
-0.04128,1000,2,26
-0.012715,125,2,27
-0.049373,150,2,27
0.032258,50,2,28
0.052244,100,2,28
0.022454,125,2,28
0.045577,150,2,28
0.039824,175,2,28
0.053967,200,2,28
0.041921,225,2,28
0.059645,250,2,28
0.079715,275,2,28
0.078853,300,2,28
0.057233,325,2,28
0.019547,350,2,28
0.025331,375,2,28
0.028609,400,2,28
0.024444,425,2,28
0.030926,450,2,28
0.0011922,475,2,28
0.049076,550,2,28
0.028771,575,2,28
0.024112,600,2,28
0.015516,625,2,28
0.013827,650,2,28
-0.00052182,675,2,28
0.0014987,700,2,28
0.0056974,725,2,28
-0.012706,750,2,28
0.0028201,775,2,28
-0.017787,800,2,28
0.003661,825,2,28
0.018439,850,2,28
0.0017069,875,2,28
-0.016839,900,2,28
0.011807,925,2,28
0.019783,950,2,28
0.014414,975,2,28
-0.0075303,1000,2,28
-0.055219,150,2,29
0.0065879,175,2,29
0.022036,200,2,29
-0.0078076,275,2,29
-0.010112,300,2,29
-0.025011,325,2,29
0.0060461,350,2,29
0.0085071,375,2,29
-0.0010232,400,2,29
-0.049222,425,2,29
-0.0056537,450,2,29
-0.021848,475,2,29
-0.057377,550,2,29
0.0022886,575,2,29
0.025386,600,2,29
-0.0039171,625,2,29
-0.028919,650,2,29
-0.0057036,675,2,29
-0.0058309,725,2,29
-0.018895,750,2,29
0.0026114,775,2,29
-0.03038,800,2,29
-0.0005743,825,2,29
0.0028985,850,2,29
-0.011456,875,2,29
0.0067335,900,2,29
0.0012829,925,2,29
-0.0092519,950,2,29
-0.014469,975,2,29
-0.011985,1000,2,29
-0.035683,100,2,30
-0.0029997,125,2,30
-0.027319,150,2,30
-0.01859,175,2,30
0.023313,200,2,30
-0.058075,225,2,30
0.041118,250,2,30
0.0058627,275,2,30
0.01442,300,2,30
-0.011566,325,2,30
-0.015384,350,2,30
0.023859,375,2,30
-0.010258,400,2,30
0.0072209,425,2,30
0.010737,450,2,30
0.044061,475,2,30
0.031609,550,2,30
-0.0035446,575,2,30
-0.035543,600,2,30
-0.029164,625,2,30
0.0065425,650,2,30
-0.04405,675,2,30
-0.045245,700,2,30
-0.011784,725,2,30
-0.015649,750,2,30
-0.022839,775,2,30
-0.0036798,800,2,30
-0.031309,825,2,30
-0.020369,850,2,30
-0.021219,875,2,30
0.0097747,900,2,30
-0.020138,925,2,30
-0.008269,950,2,30
-0.0013665,975,2,30
-0.01607,1000,2,30
-0.053072,25,2,31
0.00095643,50,2,31
-0.019386,75,2,31
-0.035923,100,2,31
-0.031742,125,2,31
-0.023354,150,2,31
-0.008187,175,2,31
-0.019393,200,2,31
-0.0097842,225,2,31
-0.0021712,250,2,31
0.020327,275,2,31
-0.012449,300,2,31
-0.0023834,325,2,31
-0.0092517,350,2,31
0.0058477,375,2,31
0.013528,400,2,31
0.042539,425,2,31
0.035067,450,2,31
0.0044979,475,2,31
0.020587,550,2,31
0.024342,575,2,31
0.019544,600,2,31
-0.018582,625,2,31
0.027139,650,2,31
0.020179,675,2,31
0.0077235,700,2,31
0.009068,725,2,31
-0.0087684,750,2,31
0.020175,775,2,31
-0.0016105,800,2,31
-0.029541,825,2,31
-0.010477,850,2,31
-0.0011237,875,2,31
-0.0052015,900,2,31
-0.025841,925,2,31
-0.036276,950,2,31
-0.037317,975,2,31
0.002344,1000,2,31
0.0090139,200,2,32
0.015327,225,2,32
-0.045161,350,2,32
0.027508,375,2,32
0.032374,400,2,32
0.019121,425,2,32
0.015755,450,2,32
0.015889,475,2,32
0.046987,550,2,32
0.0072636,575,2,32
0.028558,600,2,32
0.0047865,625,2,32
-0.0053583,650,2,32
0.0069357,675,2,32
0.020121,700,2,32
0.027401,725,2,32
0.018082,750,2,32
0.028857,775,2,32
0.0056848,800,2,32
0.0016721,825,2,32
0.029574,850,2,32
-0.031882,875,2,32
-0.03828,900,2,32
0.0032524,925,2,32
0.0038915,950,2,32
0.014258,975,2,32
-0.0014931,1000,2,32
0.043919,150,2,33
-0.005191,175,2,33
0.00084682,200,2,33
0.046283,225,2,33
0.066448,250,2,33
0.020941,700,2,33
-0.018255,25,2,34
-0.027515,50,2,34
-0.021391,100,2,34
-0.020876,125,2,34
0.004965,150,2,34
-0.00082321,175,2,34
0.033389,200,2,34
-0.039462,225,2,34
-0.035605,250,2,34
-0.00079615,275,2,34
-0.015601,300,2,34
0.0066833,325,2,34
-0.017362,350,2,34
-0.040848,375,2,34
-0.0062567,400,2,34
-0.026746,425,2,34
0.04273,450,2,34
0.024895,475,2,34
0.064382,550,2,34
0.0045094,575,2,34
0.0041829,600,2,34
-0.01031,625,2,34
-0.0092264,650,2,34
-0.014396,675,2,34
-0.013566,700,2,34
-0.017167,725,2,34
-0.015109,750,2,34
-0.03083,775,2,34
0.006356,800,2,34
-0.0056054,825,2,34
-0.035612,850,2,34
-0.013482,875,2,34
-0.019067,900,2,34
-0.016172,925,2,34
-0.02728,950,2,34
-0.037557,975,2,34
-0.019871,1000,2,34
-0.020388,175,2,35
-0.076669,200,2,35
0.0074983,225,2,35
-0.017717,250,2,35
-0.0040908,275,2,35
0.04618,300,2,35
0.058609,325,2,35
-0.027816,350,2,35
-0.029559,375,2,35
-0.016139,400,2,35
-0.001355,425,2,35
0.022588,450,2,35
0.016225,475,2,35
0.075652,550,2,35
0.039814,575,2,35
0.0689,600,2,35
0.055075,625,2,35
0.070486,650,2,35
0.094507,675,2,35
0.024606,700,2,35
0.040464,725,2,35
0.023582,750,2,35
0.045549,775,2,35
0.04676,800,2,35
0.023884,825,2,35
-0.021536,850,2,35
-0.0038854,875,2,35
0.044566,900,2,35
0.030474,925,2,35
-0.035318,950,2,35
0.044982,975,2,35
0.041354,1000,2,35
0.041551,225,2,36
0.054874,250,2,36
0.027534,275,2,36
-0.0025987,300,2,36
0.019558,325,2,36
0.02932,350,2,36
0.0096796,375,2,36
0.033749,400,2,36
-0.023885,425,2,36
0.042392,450,2,36
-0.040875,475,2,36
-0.019944,550,2,36
-0.0072469,575,2,36
-0.0092128,600,2,36
-0.012766,625,2,36
0.015341,650,2,36
-0.0023032,675,2,36
0.020861,700,2,36
-0.013362,725,2,36
0.023459,750,2,36
-0.012891,775,2,36
-0.019882,800,2,36
0.0046267,825,2,36
0.00068887,850,2,36
0.0070829,875,2,36
-0.012313,900,2,36
-0.0070508,925,2,36
0.020453,950,2,36
-0.022056,225,2,37
-0.038117,325,2,37
-0.080698,375,2,37
-0.085037,400,2,37
-0.047085,450,2,37
-0.045313,475,2,37
-0.065199,550,2,37
-0.049821,575,2,37
-0.020471,600,2,37
-0.016969,625,2,37
-0.011566,650,2,37
-0.022536,675,2,37
-0.023388,700,2,37
-0.031351,725,2,37
-0.019579,750,2,37
-0.031518,775,2,37
-0.041126,800,2,37
-0.040673,825,2,37
-0.0011937,850,2,37
-0.016116,875,2,37
0.025758,900,2,37
0.026532,925,2,37
0.0087704,950,2,37
-4.8871e-05,975,2,37
-0.00023268,1000,2,37
-0.036978,75,2,38
0.0010194,100,2,38
0.020258,125,2,38
-0.010883,150,2,38
-0.015014,175,2,38
0.034404,200,2,38
0.035274,225,2,38
-0.009945,250,2,38
0.017702,275,2,38
0.022781,300,2,38
0.026062,325,2,38
0.052781,350,2,38
0.032678,375,2,38
0.025134,400,2,38
0.0087503,425,2,38
0.036434,450,2,38
-0.0033388,475,2,38
0.01196,550,2,38
0.012981,575,2,38
0.032109,600,2,38
0.01398,625,2,38
0.051293,650,2,38
0.020893,675,2,38
0.032536,700,2,38
0.0087311,725,2,38
0.012447,750,2,38
0.0022606,775,2,38
0.024813,800,2,38
0.017219,825,2,38
0.022933,850,2,38
-0.025329,875,2,38
-0.037289,900,2,38
-0.07346,925,2,38
0.0070264,950,2,38
-0.017678,975,2,38
0.019545,1000,2,38
0.043354,50,2,39
0.075077,75,2,39
0.036231,100,2,39
0.073711,125,2,39
0.023786,150,2,39
0.07447,175,2,39
0.048816,200,2,39
0.06054,225,2,39
0.052753,250,2,39
0.058162,275,2,39
0.021992,300,2,39
0.024434,325,2,39
0.060104,350,2,39
0.073301,375,2,39
0.053987,400,2,39
0.042101,425,2,39
0.066002,450,2,39
0.03228,475,2,39
0.051307,550,2,39
0.041356,575,2,39
0.016914,600,2,39
0.018626,625,2,39
0.0080191,650,2,39
0.0090128,675,2,39
0.012045,700,2,39
0.029611,725,2,39
0.019948,750,2,39
0.028896,775,2,39
0.0091076,800,2,39
0.0038415,825,2,39
0.0083323,850,2,39
0.029809,875,2,39
0.0070388,900,2,39
0.0092405,925,2,39
-0.015786,950,2,39
-0.021881,975,2,39
-0.037501,1000,2,39
0.025691,25,2,40
0.065512,150,2,40
0.038043,225,2,40
0.049484,275,2,40
0.067193,375,2,40
0.04793,625,2,40
0.047397,650,2,40
0.028602,700,2,40
0.033673,725,2,40
0.013295,750,2,40
0.018353,775,2,40
0.048891,800,2,40
0.042687,825,2,40
0.04745,850,2,40
0.057336,875,2,40
0.055669,900,2,40
0.078983,925,2,40
0.052885,950,2,40
0.039374,975,2,40
0.067417,1000,2,40
0.0053155,25,2,41
0.027629,50,2,41
-0.044427,75,2,41
-0.021521,100,2,41
0.028388,125,2,41
0.02033,150,2,41
0.025936,175,2,41
0.017863,200,2,41
0.037743,225,2,41
-9.3296e-05,250,2,41
0.0084934,275,2,41
0.037555,300,2,41
-0.01212,325,2,41
0.0084468,350,2,41
0.013973,375,2,41
-0.0044537,400,2,41
0.00082622,425,2,41
0.0056156,450,2,41
-0.029993,475,2,41
0.0087221,550,2,41
0.041785,575,2,41
0.025551,600,2,41
0.014607,625,2,41
0.0092232,650,2,41
0.033204,675,2,41
0.0050755,700,2,41
0.015476,725,2,41
0.033203,750,2,41
-0.015026,775,2,41
-0.0081695,800,2,41
0.0015908,825,2,41
-0.020431,850,2,41
-0.019685,875,2,41
-0.030823,900,2,41
-0.023012,925,2,41
-0.07333,950,2,41
0.0027344,975,2,41
0.01516,1000,2,41
-0.032027,25,3,42
-0.013737,50,3,42
-0.018958,75,3,42
-0.023501,100,3,42
-0.019083,125,3,42
0.013508,150,3,42
-0.026523,175,3,42
-0.057423,200,3,42
-0.023668,225,3,42
-0.071596,250,3,42
-0.053874,275,3,42
-0.062577,300,3,42
-0.051916,325,3,42
-0.045815,350,3,42
-0.043235,375,3,42
-0.030538,400,3,42
-0.045696,425,3,42
-0.081947,450,3,42
-0.063888,475,3,42
-0.056231,500,3,42
-0.055806,525,3,42
-0.054245,550,3,42
-0.026966,575,3,42
-0.034315,600,3,42
-0.018073,625,3,42
0.0065569,650,3,42
-0.033516,675,3,42
0.015367,700,3,42
-0.01197,725,3,42
-0.012162,750,3,42
-0.021808,775,3,42
-0.01545,800,3,42
-0.01268,825,3,42
0.025282,850,3,42
0.015686,875,3,42
-0.017073,950,3,42
-0.0086836,975,3,42
-0.052557,1000,3,42
0.023334,675,3,43
0.050573,700,3,43
-0.0061508,850,3,43
0.0097534,875,3,43
-0.0065283,975,3,43
0.065073,1000,3,43
0.058212,25,3,44
0.074115,50,3,44
0.023306,75,3,44
-0.023001,100,3,44
-0.032078,150,3,44
-0.041685,250,3,44
-0.060694,350,3,44
0.050675,450,3,44
0.033607,475,3,44
0.040524,500,3,44
0.00036374,525,3,44
0.028346,550,3,44
0.023144,575,3,44
0.041818,600,3,44
-0.054713,625,3,44
-0.036068,650,3,44
0.04559,825,3,44
0.030078,850,3,44
0.054202,875,3,44
-0.075634,975,3,44
0.014807,1000,3,44
0.012504,75,3,45
0.051406,100,3,45
0.024906,125,3,45
0.023849,150,3,45
0.028756,175,3,45
0.036105,200,3,45
-0.00014291,225,3,45
0.02688,250,3,45
0.015037,275,3,45
0.021782,300,3,45
-0.0020861,325,3,45
0.017639,350,3,45
0.041494,375,3,45
0.015652,400,3,45
0.011454,425,3,45
-0.0073071,450,3,45
0.016631,475,3,45
0.0070422,500,3,45
0.0017988,525,3,45
-0.016464,550,3,45
0.0065147,575,3,45
-0.0013841,600,3,45
-0.018476,625,3,45
-0.012382,650,3,45
0.0085986,675,3,45
0.027565,700,3,45
-0.0067342,725,3,45
0.0009885,750,3,45
-0.0080269,775,3,45
-0.024469,800,3,45
-0.0077748,825,3,45
0.013854,850,3,45
0.016071,875,3,45
-0.021709,950,3,45
0.0054738,975,3,45
-0.0090826,1000,3,45
0.023295,25,3,46
0.015324,50,3,46
0.025132,75,3,46
0.018736,100,3,46
0.032347,125,3,46
0.029351,150,3,46
0.037872,175,3,46
0.04133,200,3,46
0.011245,225,3,46
0.039617,250,3,46
0.031206,275,3,46
0.03866,300,3,46
0.036625,325,3,46
0.010167,350,3,46
0.023029,375,3,46
-0.00024161,400,3,46
0.0034333,425,3,46
0.0074611,450,3,46
-0.012847,475,3,46
-0.0016339,500,3,46
-0.010901,525,3,46
-0.0024812,550,3,46
-0.011664,575,3,46
-0.013585,600,3,46
0.0060101,625,3,46
0.033546,650,3,46
-0.022672,675,3,46
0.025287,700,3,46
0.0057625,725,3,46
0.030499,750,3,46
0.0089868,775,3,46
0.0035087,800,3,46
0.0077468,825,3,46
0.024986,850,3,46
0.0038279,875,3,46
-0.0023822,950,3,46
0.00061052,975,3,46
0.035609,1000,3,46
0.014929,50,3,47
-0.020403,75,3,47
-0.0030682,100,3,47
0.02964,150,3,47
0.015783,175,3,47
-0.0052813,225,3,47
-0.038848,250,3,47
0.036259,275,3,47
0.034612,300,3,47
0.031023,325,3,47
0.058547,350,3,47
0.028133,375,3,47
0.040258,400,3,47
0.013951,425,3,47
0.015313,450,3,47
0.058246,475,3,47
-0.0025988,500,3,47
0.027796,525,3,47
0.044991,550,3,47
-0.0071118,575,3,47
0.015334,600,3,47
0.0055442,625,3,47
0.036826,650,3,47
0.033131,675,3,47
0.043505,700,3,47
0.0043802,725,3,47
0.042657,750,3,47
0.018187,775,3,47
0.0093543,800,3,47
-0.013815,825,3,47
0.01124,850,3,47
0.023865,875,3,47
0.00077841,950,3,47
0.026203,975,3,47
-0.0030048,1000,3,47
-0.010845,50,3,48
-0.00072999,100,3,48
0.010015,125,3,48
-0.0099059,150,3,48
0.015895,175,3,48
-0.0019523,200,3,48
-0.012816,225,3,48
0.038676,250,3,48
-0.0072459,275,3,48
0.0037484,300,3,48
0.044064,325,3,48
0.041021,350,3,48
0.024282,375,3,48
0.02863,400,3,48
0.040196,425,3,48
0.035611,450,3,48
0.030811,475,3,48
0.02037,500,3,48
-0.0055488,525,3,48
0.0069067,550,3,48
-0.0008335,575,3,48
-0.0012899,600,3,48
0.040762,625,3,48
0.0099704,650,3,48
0.041967,675,3,48
0.032985,700,3,48
0.036119,725,3,48
0.011591,750,3,48
0.035615,775,3,48
0.011849,800,3,48
0.016073,825,3,48
0.016851,850,3,48
0.019716,875,3,48
0.0046267,950,3,48
0.024169,975,3,48
0.0077625,1000,3,48
0.037114,25,3,49
-0.0026987,50,3,49
-0.078967,75,3,49
-0.069244,125,3,49
-0.093622,150,3,49
-0.077101,175,3,49
-0.015105,200,3,49
-0.073996,225,3,49
-0.054661,250,3,49
-0.040477,275,3,49
-0.055736,300,3,49
-0.051335,325,3,49
-0.039639,350,3,49
-0.020328,375,3,49
-0.010223,400,3,49
-0.013728,425,3,49
0.0049065,450,3,49
0.005452,475,3,49
-0.0089503,500,3,49
-0.020412,525,3,49
-0.010797,550,3,49
-0.0036065,575,3,49
-0.016102,600,3,49
-0.0069081,625,3,49
-0.025049,650,3,49
-0.031855,675,3,49
-0.006107,700,3,49
-0.029413,725,3,49
-0.0027766,750,3,49
0.0075403,775,3,49
-0.0013132,800,3,49
-0.02262,825,3,49
-0.029741,850,3,49
-0.010062,875,3,49
-0.019178,950,3,49
-0.030413,975,3,49
0.015467,1000,3,49
0.0078597,50,3,50
0.008278,75,3,50
0.033338,100,3,50
-0.010528,125,3,50
-0.0029426,150,3,50
-0.014869,175,3,50
-0.0066268,200,3,50
0.0076329,225,3,50
0.0072761,250,3,50
0.011484,275,3,50
0.0081994,300,3,50
0.042344,325,3,50
0.01063,350,3,50
0.033926,375,3,50
0.0095705,400,3,50
0.030256,425,3,50
0.057543,450,3,50
0.070957,475,3,50
0.045667,500,3,50
0.054306,525,3,50
0.034694,550,3,50
0.064113,575,3,50
0.063557,600,3,50
0.016815,625,3,50
0.051427,650,3,50
0.029557,675,3,50
0.0097407,700,3,50
0.02205,725,3,50
0.0087568,750,3,50
0.034381,775,3,50
0.012082,800,3,50
0.018432,825,3,50
0.049244,850,3,50
0.03787,875,3,50
0.026258,950,3,50
0.035037,975,3,50
0.040239,1000,3,50
-0.011866,50,3,51
0.030515,75,3,51
0.024567,100,3,51
0.032733,125,3,51
0.046507,150,3,51
0.0070592,175,3,51
0.0051108,200,3,51
0.0038828,225,3,51
-0.010214,250,3,51
0.031492,275,3,51
0.025571,300,3,51
0.0035925,325,3,51
-0.0036856,350,3,51
-0.023792,375,3,51
0.030753,400,3,51
0.033865,425,3,51
0.015236,450,3,51
0.024979,475,3,51
0.020128,500,3,51
0.0044621,525,3,51
0.02724,550,3,51
0.0066198,575,3,51
0.013166,600,3,51
0.025219,625,3,51
0.0053839,650,3,51
0.037441,675,3,51
0.011598,700,3,51
-0.00023733,725,3,51
0.016926,750,3,51
0.016723,775,3,51
0.00071446,800,3,51
3.9831e-06,825,3,51
0.031574,850,3,51
0.032867,875,3,51
-0.010229,950,3,51
-0.0079894,975,3,51
-0.0049589,1000,3,51
0.069301,50,3,52
0.050933,75,3,52
0.0092546,100,3,52
-0.016906,125,3,52
0.014816,150,3,52
0.066663,175,3,52
0.035622,200,3,52
-0.036798,225,3,52
-0.026382,250,3,52
0.0090204,275,3,52
0.025679,300,3,52
-0.016947,325,3,52
-0.011197,350,3,52
-0.058366,375,3,52
-0.059675,400,3,52
-0.027061,425,3,52
-0.027225,450,3,52
0.043656,500,3,52
-0.024342,525,3,52
-0.00067839,550,3,52
0.025494,575,3,52
0.010826,600,3,52
0.0025973,625,3,52
0.015301,650,3,52
0.0086968,675,3,52
0.00045076,700,3,52
0.017534,725,3,52
0.022166,750,3,52
0.0014011,775,3,52
0.013584,800,3,52
-0.0038149,825,3,52
-0.028556,850,3,52
-0.031442,875,3,52
-0.016439,950,3,52
-0.0014725,975,3,52
-0.021335,1000,3,52
-0.070003,250,3,53
-0.055611,275,3,53
-0.0017603,300,3,53
0.036543,325,3,53
0.024873,350,3,53
-0.00828,375,3,53
0.011439,400,3,53
0.010146,425,3,53
0.020856,450,3,53
0.0068308,475,3,53
-0.01507,500,3,53
0.035804,525,3,53
0.022217,550,3,53
-0.001173,575,3,53
0.01234,600,3,53
0.052284,625,3,53
0.032883,650,3,53
0.035574,675,3,53
-0.0027674,700,3,53
0.044336,725,3,53
-0.00051501,750,3,53
-0.020366,775,3,53
-0.00937,800,3,53
0.00057909,825,3,53
0.034626,850,3,53
0.028477,875,3,53
0.016402,950,3,53
-0.024466,975,3,53
0.019087,1000,3,53
-0.0053751,25,3,54
-0.014326,50,3,54
-0.011627,75,3,54
-0.00027442,100,3,54
-0.015148,125,3,54
-0.015874,150,3,54
0.0027808,175,3,54
0.032991,200,3,54
-0.019249,225,3,54
-0.0062035,250,3,54
-0.017574,275,3,54
0.0013705,300,3,54
-0.023034,325,3,54
-0.021995,350,3,54
0.00621,375,3,54
-0.023211,400,3,54
-0.013443,425,3,54
-0.0072438,450,3,54
-0.0078351,475,3,54
-0.014757,500,3,54
-0.019993,525,3,54
-0.00026775,550,3,54
0.031368,575,3,54
-0.02212,600,3,54
0.0073799,625,3,54
-0.0014676,650,3,54
-0.0062642,675,3,54
0.022766,700,3,54
-0.0095607,725,3,54
-0.023035,750,3,54
-0.032908,775,3,54
-0.058941,800,3,54
-0.032798,825,3,54
-0.045418,850,3,54
-0.033688,875,3,54
-0.015742,950,3,54
0.042377,975,3,54
-0.085545,1000,3,54
0.049915,25,3,55
-0.0039189,50,3,55
0.0030334,75,3,55
-0.023475,100,3,55
0.0019363,125,3,55
-0.008626,150,3,55
-0.038797,175,3,55
-0.021143,200,3,55
-0.0030348,225,3,55
-0.025895,250,3,55
-0.022102,275,3,55
-0.020967,300,3,55
-0.024191,325,3,55
-0.027831,350,3,55
-0.025253,375,3,55
-0.028166,400,3,55
0.0032629,425,3,55
-0.0046958,450,3,55
-0.030264,475,3,55
-0.015896,500,3,55
-0.009325,525,3,55
0.028732,550,3,55
0.024539,575,3,55
-0.020564,600,3,55
-0.02175,625,3,55
-0.025115,650,3,55
-0.037264,675,3,55
-0.030503,700,3,55
-0.03636,725,3,55
-0.03853,750,3,55
-0.027222,775,3,55
-0.038795,800,3,55
-0.0044406,825,3,55
-0.020828,850,3,55
-0.033392,875,3,55
-0.030587,950,3,55
0.0035969,975,3,55
-0.017475,1000,3,55
0.016827,25,3,56
-0.036402,50,3,56
-0.016521,75,3,56
0.016149,100,3,56
0.013234,125,3,56
-0.011311,150,3,56
0.0016073,175,3,56
-0.01605,200,3,56
-0.026784,225,3,56
-0.024126,250,3,56
-0.025835,275,3,56
-0.032789,300,3,56
-0.020694,325,3,56
-0.023646,350,3,56
-0.027567,375,3,56
-0.022499,400,3,56
-0.012405,425,3,56
-0.016412,450,3,56
-0.029684,475,3,56
-0.026249,500,3,56
-0.070703,525,3,56
-0.042789,550,3,56
-0.066319,575,3,56
-0.046671,600,3,56
0.026584,625,3,56
0.0028416,650,3,56
-0.028316,675,3,56
-0.020062,700,3,56
-0.040531,725,3,56
-0.06222,750,3,56
-0.059051,775,3,56
-0.026928,800,3,56
-0.046161,825,3,56
-0.068835,850,3,56
-0.082217,875,3,56
-0.038701,950,3,56
-0.076681,975,3,56
-0.07198,1000,3,56
-0.026875,175,3,57
0.021634,250,3,57
0.029344,300,3,57
0.039104,350,3,57
-0.02421,375,3,57
-0.021816,400,3,57
-0.0056821,450,3,57
-0.070982,475,3,57
0.046737,500,3,57
0.011494,525,3,57
-0.0048651,550,3,57
0.016008,575,3,57
0.012243,600,3,57
0.066198,625,3,57
0.029373,650,3,57
0.025865,675,3,57
0.01234,700,3,57
0.050143,725,3,57
0.010512,750,3,57
0.022204,775,3,57
0.026429,800,3,57
0.038447,825,3,57
0.024273,850,3,57
0.0060212,875,3,57
0.0202,950,3,57
0.012769,975,3,57
0.012156,1000,3,57
0.04902,475,3,58
-0.036683,500,3,58
0.028323,600,3,58
0.065746,775,3,58
0.0082272,800,3,58
0.036122,975,3,58
-0.032765,25,3,59
-0.039762,50,3,59
-0.030356,75,3,59
-0.034805,100,3,59
-0.035969,125,3,59
-0.025583,150,3,59
-0.03297,175,3,59
-0.03873,200,3,59
-0.026164,225,3,59
0.0013151,250,3,59
-0.028933,275,3,59
-0.038115,300,3,59
-0.024466,325,3,59
-0.029576,350,3,59
-0.031838,375,3,59
-0.001326,400,3,59
-0.0165,425,3,59
-0.0044275,450,3,59
-0.00071661,475,3,59
-0.004195,500,3,59
-0.010666,525,3,59
-0.021018,550,3,59
-0.025708,575,3,59
-0.016329,600,3,59
-0.014972,625,3,59
-0.0080116,650,3,59
-0.0086446,675,3,59
-0.012469,700,3,59
-0.02027,725,3,59
-0.021526,750,3,59
-0.019464,775,3,59
-0.021702,800,3,59
-0.01754,825,3,59
-0.044494,850,3,59
-0.035424,875,3,59
-0.021833,950,3,59
-0.026373,975,3,59
-0.048855,1000,3,59
0.030182,50,3,60
-0.025918,75,3,60
-0.016156,175,3,60
0.0076404,225,3,60
0.042365,250,3,60
0.048486,300,3,60
-0.011326,325,3,60
-0.050976,350,3,60
-0.033143,375,3,60
-0.061067,400,3,60
0.024657,425,3,60
-0.037603,450,3,60
-0.029908,475,3,60
0.0020247,500,3,60
-0.019791,525,3,60
-0.02075,550,3,60
-0.034872,575,3,60
-0.043358,600,3,60
0.0084926,625,3,60
0.028991,650,3,60
0.0036515,675,3,60
-0.021331,700,3,60
-0.019918,725,3,60
-0.036765,750,3,60
-0.011266,775,3,60
-0.040231,800,3,60
-0.021816,825,3,60
-0.014013,850,3,60
-0.010622,875,3,60
-0.012286,950,3,60
-0.0063808,975,3,60
-0.012925,1000,3,60
-0.0031386,25,3,61
-0.017203,50,3,61
-0.05449,75,3,61
-0.060029,100,3,61
-0.043646,125,3,61
-0.065613,150,3,61
-0.030025,175,3,61
-0.026015,200,3,61
-0.019025,225,3,61
-0.024755,250,3,61
-0.046867,275,3,61
-0.016685,300,3,61
-0.024621,325,3,61
-0.041535,350,3,61
-0.022146,375,3,61
0.0097343,400,3,61
-0.0053352,425,3,61
-0.0015173,450,3,61
0.022223,475,3,61
0.011205,500,3,61
-0.0016232,525,3,61
-0.00073546,550,3,61
-0.014399,575,3,61
-0.0028752,600,3,61
-0.02291,625,3,61
-0.045436,650,3,61
-0.022675,675,3,61
-0.030298,700,3,61
-0.017744,725,3,61
-0.03143,750,3,61
-0.02128,775,3,61
-0.057848,800,3,61
-0.023567,825,3,61
-0.035298,850,3,61
-0.040577,875,3,61
-0.030415,950,3,61
-0.065476,975,3,61
-0.053787,1000,3,61
-0.037774,25,4,62
-0.027524,100,4,62
0.0044431,125,4,62
-0.030886,150,4,62
0.015227,175,4,62
0.026648,200,4,62
-0.035519,225,4,62
0.012656,250,4,62
-0.009433,275,4,62
-0.010697,300,4,62
-0.063246,325,4,62
-0.010373,350,4,62
0.00099844,375,4,62
-0.031772,400,4,62
0.054328,425,4,62
0.035594,450,4,62
0.037618,475,4,62
0.015996,500,4,62
0.0034299,525,4,62
0.042474,550,4,62
0.018493,575,4,62
0.018074,600,4,62
0.050488,625,4,62
0.011583,650,4,62
0.010543,675,4,62
0.019952,700,4,62
-0.02323,725,4,62
-0.00087182,750,4,62
-0.01049,775,4,62
0.028353,800,4,62
0.011731,825,4,62
0.059673,850,4,62
0.021837,875,4,62
-0.021785,900,4,62
0.0046455,925,4,62
0.012669,950,4,62
-0.0006757,975,4,62
0.026054,1000,4,62
0.016248,1025,4,62
0.018705,1050,4,62
-0.0019598,1075,4,62
0.019995,1100,4,62
-0.0089071,1125,4,62
-0.0030674,1150,4,62
0.020755,1175,4,62
-0.032268,1200,4,62
0.011818,1225,4,62
0.0067416,1250,4,62
-0.00090195,1275,4,62
-0.0054575,1300,4,62
-0.0093929,1325,4,62
-0.023526,1350,4,62
-0.027422,1375,4,62
-0.044643,1400,4,62
-0.028914,1425,4,62
-0.0099312,1450,4,62
0.027053,1475,4,62
-0.005106,1500,4,62
0.0078712,1525,4,62
-0.016514,1550,4,62
-0.017512,1575,4,62
-0.0095004,1600,4,62
-0.0225,1625,4,62
-0.030488,1650,4,62
-0.018184,1675,4,62
-0.0059536,1700,4,62
-0.018606,1725,4,62
-0.0093559,1750,4,62
-0.015906,1775,4,62
-0.035085,1800,4,62
-0.049074,1825,4,62
-0.037573,1850,4,62
0.011634,1875,4,62
-0.027365,1950,4,62
-0.030022,1975,4,62
-0.043208,2000,4,62
-0.027371,25,4,63
-0.042059,50,4,63
-0.020503,75,4,63
-0.021553,100,4,63
-0.0017725,125,4,63
0.002948,150,4,63
-0.027466,175,4,63
-0.031282,200,4,63
0.0016392,250,4,63
0.0099487,300,4,63
0.016394,325,4,63
0.043523,350,4,63
-0.011931,375,4,63
0.020726,400,4,63
-0.042936,425,4,63
-0.001142,450,4,63
0.0034387,475,4,63
-0.026958,500,4,63
-0.01436,525,4,63
-0.022257,550,4,63
-0.039642,575,4,63
-0.047582,600,4,63
0.0090767,625,4,63
0.01093,650,4,63
-0.017208,675,4,63
0.01388,700,4,63
-0.022174,725,4,63
0.0045965,750,4,63
0.045591,775,4,63
-0.0038635,800,4,63
-0.042972,825,4,63
-0.020271,850,4,63
-0.04811,875,4,63
-0.040449,900,4,63
-0.032325,925,4,63
0.018807,950,4,63
-0.019336,975,4,63
-0.035696,1000,4,63
-0.0094034,1025,4,63
-0.010669,1050,4,63
-0.0054856,1075,4,63
0.011138,1100,4,63
0.00025896,1125,4,63
-0.008325,1150,4,63
-0.045978,1175,4,63
0.030643,1200,4,63
-0.059747,1225,4,63
-0.0074709,1250,4,63
-0.016524,1275,4,63
0.015848,1300,4,63
-0.021829,1325,4,63
0.00428,1350,4,63
-0.0041457,1375,4,63
0.042856,1400,4,63
-0.0089004,1425,4,63
0.018242,1450,4,63
-0.019608,1475,4,63
-0.018562,1500,4,63
-0.015866,1525,4,63
-0.062135,1550,4,63
-0.053242,1575,4,63
-0.048765,1600,4,63
0.020145,1625,4,63
0.0011305,1650,4,63
0.00041533,1675,4,63
-0.019555,1700,4,63
-0.043164,1725,4,63
-0.068147,1750,4,63
-0.012122,1775,4,63
-0.049676,1800,4,63
-0.036234,1825,4,63
-0.0051562,1850,4,63
-0.066511,1875,4,63
-0.037758,1950,4,63
-0.053212,1975,4,63
-0.024795,2000,4,63
0.018074,25,4,64
-0.0049684,125,4,64
0.042293,225,4,64
0.038971,250,4,64
-0.0053444,275,4,64
0.007124,300,4,64
0.0090695,325,4,64
-0.0083253,350,4,64
-0.020779,375,4,64
-0.010728,400,4,64
0.014888,425,4,64
-0.003262,450,4,64
-0.021318,475,4,64
-0.018141,500,4,64
0.0065588,525,4,64
-0.027552,550,4,64
-0.030446,575,4,64
0.0064288,600,4,64
-0.0019022,625,4,64
-0.015639,650,4,64
-0.0031849,675,4,64
0.0014582,700,4,64
-0.014605,725,4,64
0.019257,750,4,64
-0.0032617,775,4,64
0.026819,800,4,64
0.024539,825,4,64
0.0068847,850,4,64
0.045758,875,4,64
0.037598,900,4,64
-0.0096733,925,4,64
-0.00064701,950,4,64
0.0020401,975,4,64
0.0079827,1000,4,64
0.044459,1025,4,64
0.04476,1050,4,64
0.01969,1075,4,64
0.0045427,1100,4,64
0.0094427,1125,4,64
-0.016432,1150,4,64
0.0023374,1175,4,64
0.025903,1200,4,64
0.028505,1225,4,64
0.027463,1250,4,64
-0.020134,1275,4,64
0.018211,1300,4,64
0.039445,1325,4,64
3.0189e-05,1350,4,64
0.0080916,1375,4,64
0.0085684,1400,4,64
-0.016943,1425,4,64
-0.0031334,1450,4,64
-0.022415,1475,4,64
-0.023173,1500,4,64
-0.018918,1525,4,64
-0.047267,1550,4,64
-0.014331,1575,4,64
-0.0098114,1600,4,64
0.012447,1625,4,64
-0.0023103,1650,4,64
-0.041321,1675,4,64
-0.032359,1700,4,64
-0.03449,1725,4,64
-0.017006,1750,4,64
-0.031473,1775,4,64
-0.048724,1800,4,64
-0.017793,1825,4,64
-0.01877,1850,4,64
-0.013115,1875,4,64
-0.021767,1950,4,64
-0.032776,1975,4,64
-0.036115,2000,4,64
-0.019011,75,4,65
-0.033391,100,4,65
-0.063049,125,4,65
0.0034257,175,4,65
-0.026756,250,4,65
-0.033489,275,4,65
-0.033433,325,4,65
-0.040368,350,4,65
-0.06988,375,4,65
-0.069771,400,4,65
-0.061356,475,4,65
-0.011681,525,4,65
-0.067226,550,4,65
-0.00074443,575,4,65
-0.0248,600,4,65
-0.028417,625,4,65
-0.037421,650,4,65
-0.018196,675,4,65
0.0091764,700,4,65
-0.01401,725,4,65
-0.03584,750,4,65
-0.035339,775,4,65
-0.023472,800,4,65
-0.020915,825,4,65
0.041096,875,4,65
-0.0010551,900,4,65
0.041708,925,4,65
-0.008846,950,4,65
-0.026539,975,4,65
-0.0056694,1000,4,65
2.1804e-05,1025,4,65
-0.021527,1050,4,65
-0.014481,1075,4,65
-0.0022866,1100,4,65
0.03642,1125,4,65
0.0028693,1150,4,65
-0.044368,1175,4,65
-0.045422,1200,4,65
-0.03723,1225,4,65
-0.045139,1250,4,65
-0.012434,1275,4,65
-0.021901,1300,4,65
-0.039356,1325,4,65
-0.049349,1350,4,65
-0.011838,1375,4,65
0.0035333,1400,4,65
0.0015404,1425,4,65
-0.01757,1450,4,65
-0.04456,1475,4,65
-0.027918,1500,4,65
-0.062874,1525,4,65
-0.062211,1550,4,65
-0.066019,1575,4,65
-0.042792,1600,4,65
-0.030799,1625,4,65
-0.04635,1650,4,65
-0.027276,1675,4,65
-0.06639,1700,4,65
-0.05462,1725,4,65
-0.053749,1750,4,65
-0.066828,1775,4,65
-0.04659,1800,4,65
-0.031271,1825,4,65
-0.024446,1850,4,65
-0.013248,1875,4,65
-0.018278,1950,4,65
-0.029561,1975,4,65
-0.041736,2000,4,65
-0.0042946,100,4,66
0.011452,125,4,66
0.0046248,150,4,66
-0.0040875,175,4,66
-0.00017246,200,4,66
-0.031826,225,4,66
-0.016539,250,4,66
-0.033605,275,4,66
-0.042795,300,4,66
-0.056847,325,4,66
-0.058278,350,4,66
-0.04414,375,4,66
-0.016824,400,4,66
-0.022004,425,4,66
0.021236,450,4,66
0.033187,475,4,66
-0.0018903,500,4,66
0.048273,525,4,66
0.023632,550,4,66
-0.057138,575,4,66
-0.013219,600,4,66
-0.023784,625,4,66
-0.00046134,650,4,66
0.012374,675,4,66
0.011759,700,4,66
0.046,725,4,66
0.050742,750,4,66
-0.0015541,775,4,66
0.013873,800,4,66
0.050304,825,4,66
0.041255,850,4,66
0.060631,875,4,66
0.087888,900,4,66
0.055543,925,4,66
0.058082,950,4,66
0.066247,975,4,66
0.053256,1000,4,66
0.026773,1025,4,66
0.048575,1050,4,66
0.010465,1075,4,66
0.058683,1100,4,66
0.0174,1125,4,66
0.011779,1150,4,66
0.029426,1175,4,66
0.074734,1200,4,66
0.039521,1225,4,66
0.02644,1250,4,66
0.027017,1275,4,66
-0.0093124,1300,4,66
0.027621,1325,4,66
0.016136,1350,4,66
-0.0053408,1375,4,66
0.015987,1400,4,66
-0.011485,1425,4,66
-0.00055244,1450,4,66
-0.012231,1475,4,66
0.0081241,1500,4,66
0.019396,1525,4,66
0.00038387,1550,4,66
-0.016592,1575,4,66
0.0025276,1600,4,66
0.023312,1625,4,66
-0.0032606,1650,4,66
0.015952,1675,4,66
0.027295,1700,4,66
0.013678,1725,4,66
-0.0082094,1750,4,66
0.0085575,1775,4,66
0.044899,1800,4,66
0.041075,1825,4,66
0.0050812,1850,4,66
0.015211,1875,4,66
-0.019959,1950,4,66
0.024691,1975,4,66
-0.0063064,2000,4,66
-0.053092,50,4,67
-0.030579,100,4,67
-0.013729,125,4,67
-0.026874,150,4,67
-0.0049854,175,4,67
0.0010171,200,4,67
-0.054523,225,4,67
-0.0041851,250,4,67
-0.0068065,275,4,67
-0.022988,300,4,67
-0.02992,325,4,67
-0.028151,350,4,67
-0.013416,375,4,67
-0.021297,400,4,67
0.003797,425,4,67
-0.0029616,450,4,67
-0.00016062,475,4,67
0.0038741,500,4,67
2.1456e-05,525,4,67
0.0040207,550,4,67
-0.0020342,575,4,67
-0.013956,600,4,67
-0.028074,625,4,67
-0.022807,650,4,67
-0.012854,675,4,67
0.0017649,700,4,67
-0.043833,725,4,67
-0.027634,750,4,67
0.02036,775,4,67
-0.035798,800,4,67
-0.043441,825,4,67
-0.019075,850,4,67
-0.042533,875,4,67
-0.041904,900,4,67
0.0012214,925,4,67
-0.024555,950,4,67
-0.021577,975,4,67
0.00095032,1000,4,67
-0.017774,1025,4,67
0.0031835,1050,4,67
-0.0089431,1075,4,67
-0.030045,1100,4,67
-0.034607,1125,4,67
-0.0063932,1150,4,67
-0.013889,1175,4,67
-0.012901,1200,4,67
0.0070225,1225,4,67
0.0084329,1250,4,67
-0.051566,1275,4,67
-0.014339,1300,4,67
0.016508,1325,4,67
-0.0056655,1350,4,67
-0.0058726,1375,4,67
-0.034679,1400,4,67
-0.0099966,1425,4,67
0.012817,1450,4,67
-0.010377,1475,4,67
0.0063549,1500,4,67
0.00024799,1525,4,67
-0.014343,1550,4,67
-0.0086543,1575,4,67
-0.013977,1600,4,67
-0.046442,1625,4,67
-0.02947,1650,4,67
-0.0036161,1675,4,67
-0.015518,1700,4,67
0.00045441,1725,4,67
-0.0093059,1750,4,67
-0.026662,1775,4,67
0.0046594,1800,4,67
-0.032065,1825,4,67
-0.037641,1850,4,67
-0.029851,1875,4,67
-0.013766,1950,4,67
-0.016902,1975,4,67
-0.029491,2000,4,67
0.069259,75,4,68
0.040765,100,4,68
0.036907,125,4,68
0.026341,150,4,68
0.018171,175,4,68
0.0043715,200,4,68
0.012795,225,4,68
0.032311,250,4,68
0.054869,275,4,68
0.035814,300,4,68
0.014455,325,4,68
0.0017625,350,4,68
-0.0074812,375,4,68
-0.010697,400,4,68
0.079344,425,4,68
0.055125,450,4,68
0.041007,475,4,68
0.02083,500,4,68
0.0209,525,4,68
0.019831,550,4,68
0.016,575,4,68
0.033286,600,4,68
0.022558,625,4,68
0.0054903,650,4,68
-0.0028612,675,4,68
0.007529,700,4,68
0.018211,725,4,68
0.024659,750,4,68
0.003744,775,4,68
0.0023376,800,4,68
0.030449,825,4,68
0.020553,850,4,68
0.005975,875,4,68
0.010792,900,4,68
0.0035215,925,4,68
0.02789,950,4,68
0.033834,975,4,68
0.0016132,1000,4,68
0.044288,1025,4,68
0.046781,1050,4,68
0.039645,1075,4,68
0.036537,1100,4,68
0.051869,1125,4,68
0.049702,1150,4,68
0.019427,1175,4,68
0.033702,1200,4,68
0.036581,1225,4,68
0.036685,1250,4,68
0.02542,1275,4,68
0.022773,1300,4,68
0.018166,1325,4,68
0.012808,1350,4,68
0.010257,1375,4,68
0.0014517,1400,4,68
0.044135,1425,4,68
0.022078,1450,4,68
0.038533,1475,4,68
0.0077665,1500,4,68
0.0099225,1525,4,68
0.028529,1550,4,68
0.038807,1575,4,68
0.040363,1600,4,68
0.022222,1625,4,68
0.0051871,1650,4,68
0.0075952,1675,4,68
-0.00022922,1700,4,68
-0.00049823,1725,4,68
0.004306,1750,4,68
0.018791,1775,4,68
0.013721,1800,4,68
0.033664,1825,4,68
0.019866,1850,4,68
0.019612,1875,4,68
-0.024708,125,4,69
-0.044651,175,4,69
-0.020573,200,4,69
-0.0063324,225,4,69
-0.002455,250,4,69
0.01507,275,4,69
-0.0044563,300,4,69
0.00073509,325,4,69
0.012178,350,4,69
-0.0085731,375,4,69
0.013893,400,4,69
-0.0056756,425,4,69
0.015377,450,4,69
-0.00080811,475,4,69
-0.0085624,500,4,69
-0.024998,525,4,69
-0.055559,800,4,69
-0.034848,900,4,69
-0.047891,1200,4,69
-0.034133,1275,4,69
-0.030287,1425,4,69
-0.0050724,1450,4,69
-0.0080471,1475,4,69
-0.022561,1500,4,69
-0.010613,1525,4,69
-0.0060822,1550,4,69
-0.023509,1575,4,69
0.00046515,1625,4,69
-0.028549,1650,4,69
-0.045738,1675,4,69
-0.018583,1700,4,69
-0.030199,1725,4,69
-0.036907,1750,4,69
-0.032495,1775,4,69
-0.024425,1800,4,69
-0.0054584,1825,4,69
0.012282,1850,4,69
0.0064982,1875,4,69
-0.009502,1950,4,69
0.003166,1975,4,69
-0.018759,2000,4,69
0.015634,25,4,70
-0.021207,50,4,70
-0.032553,75,4,70
-0.025495,100,4,70
-0.025302,125,4,70
0.022343,225,4,70
-0.012589,250,4,70
-0.00032941,275,4,70
-0.0059641,300,4,70
-0.018595,325,4,70
0.036713,350,4,70
-0.021753,375,4,70
-0.017105,400,4,70
0.016008,425,4,70
0.012141,450,4,70
-0.027231,475,4,70
-0.0090653,500,4,70
-0.033573,525,4,70
-0.033534,550,4,70
-0.015288,575,4,70
-0.030012,600,4,70
-0.02771,625,4,70
-0.050463,650,4,70
-0.020163,675,4,70
-0.035333,700,4,70
-0.045418,725,4,70
-0.03539,750,4,70
-0.040887,775,4,70
-0.053808,800,4,70
-0.024796,825,4,70
-0.026825,850,4,70
-0.039339,875,4,70
-0.027785,900,4,70
-0.052959,925,4,70
-0.060804,950,4,70
-0.04733,975,4,70
-0.060347,1000,4,70
-0.037149,1025,4,70
-0.03004,1050,4,70
-0.050948,1075,4,70
-0.058937,1100,4,70
-0.056243,1125,4,70
-0.046559,1150,4,70
-0.03115,1175,4,70
-0.057229,1200,4,70
-0.063337,1225,4,70
-0.075196,1250,4,70
-0.062368,1275,4,70
-0.062762,1300,4,70
-0.045043,1325,4,70
-0.051781,1350,4,70
-0.070709,1375,4,70
-0.050339,1400,4,70
-0.063208,1425,4,70
-0.045724,1450,4,70
-0.044582,1475,4,70
-0.044101,1500,4,70
-0.051741,1525,4,70
-0.061967,1550,4,70
-0.049708,1575,4,70
-0.058044,1600,4,70
-0.054454,1625,4,70
-0.059378,1650,4,70
-0.032059,1675,4,70
-0.057168,1700,4,70
-0.037771,1725,4,70
-0.038604,1750,4,70
-0.042038,1775,4,70
-0.071675,1800,4,70
-0.043537,1825,4,70
-0.070724,1850,4,70
-0.053864,1875,4,70
-0.0082346,1950,4,70
-0.041946,1975,4,70
-0.020732,2000,4,70
-0.0097545,225,4,71
-0.019887,250,4,71
-0.019618,275,4,71
-0.011565,300,4,71
0.0087711,325,4,71
-0.011744,350,4,71
-0.014989,375,4,71
-0.01141,400,4,71
-0.049776,425,4,71
-0.028944,450,4,71
-0.035733,475,4,71
-0.015687,500,4,71
-0.010756,525,4,71
-0.015538,550,4,71
0.02932,575,4,71
0.03289,600,4,71
0.0055172,625,4,71
-0.00057376,650,4,71
0.010866,675,4,71
0.0030192,700,4,71
0.0083421,725,4,71
0.025043,750,4,71
-0.017369,775,4,71
-0.0083217,800,4,71
0.013981,825,4,71
-8.0273e-05,850,4,71
0.013728,875,4,71
0.016981,900,4,71
0.015415,925,4,71
0.037654,950,4,71
0.0089625,975,4,71
0.0049459,1000,4,71
0.01606,1025,4,71
0.026645,1050,4,71
0.043602,1075,4,71
0.034607,1100,4,71
0.020573,1125,4,71
0.01848,1150,4,71
0.0043603,1175,4,71
0.032907,1200,4,71
0.019524,1225,4,71
0.016392,1250,4,71
0.010604,1275,4,71
0.0044698,1300,4,71
3.1475e-05,1325,4,71
-0.02149,1350,4,71
0.0017293,1375,4,71
-0.01299,1400,4,71
-0.030626,1425,4,71
0.010896,1450,4,71
0.0016532,1475,4,71
-0.010139,1500,4,71
-0.028152,1525,4,71
-0.048996,1550,4,71
-0.079527,1575,4,71
-0.024717,1600,4,71
-0.028293,1625,4,71
-0.035913,1650,4,71
-0.015781,1675,4,71
-0.02227,1700,4,71
-0.025381,1725,4,71
0.00014283,1750,4,71
-0.021142,1775,4,71
-0.03014,1800,4,71
0.0059513,1825,4,71
0.027751,1850,4,71
0.013942,1875,4,71
-0.021991,1950,4,71
-0.0034549,1975,4,71
0.011161,2000,4,71
0.037099,50,4,72
-0.02482,100,4,72
-0.0026141,125,4,72
-0.02371,150,4,72
-0.036763,175,4,72
-0.070595,200,4,72
-0.045662,225,4,72
0.046313,250,4,72
-0.0022152,275,4,72
-0.0027203,300,4,72
0.029605,325,4,72
-0.01031,350,4,72
0.0047763,375,4,72
0.01399,400,4,72
0.0079975,425,4,72
0.01581,450,4,72
0.0090545,475,4,72
-0.011277,500,4,72
0.016681,525,4,72
0.0089299,550,4,72
0.022973,575,4,72
0.023993,600,4,72
0.034429,625,4,72
0.076051,650,4,72
0.029112,675,4,72
0.047504,700,4,72
0.067166,725,4,72
0.031849,750,4,72
0.025394,775,4,72
0.021209,800,4,72
-0.0035493,825,4,72
-0.021042,850,4,72
-0.051633,875,4,72
-0.00035823,900,4,72
-0.024107,925,4,72
-0.0077014,950,4,72
-0.024399,975,4,72
-0.019008,1000,4,72
-0.026738,1025,4,72
-0.055598,1050,4,72
-0.080756,1075,4,72
-0.045876,1200,4,72
-0.072154,1225,4,72
0.0038495,1250,4,72
0.023037,1275,4,72
-0.0086752,1300,4,72
0.010176,1325,4,72
-0.033818,1350,4,72
0.0033739,1375,4,72
-0.012642,1400,4,72
-0.012504,1425,4,72
-0.01792,1450,4,72
0.00027853,1475,4,72
0.0020853,1500,4,72
-0.015829,1525,4,72
-0.019135,1550,4,72
-0.0077588,1575,4,72
-0.024941,1600,4,72
-0.047922,1625,4,72
-0.016389,1650,4,72
-0.007421,1675,4,72
-0.011456,1700,4,72
0.021782,1725,4,72
0.00062318,1750,4,72
-0.0047583,1775,4,72
-0.013743,1800,4,72
-0.0093551,1825,4,72
0.036582,1850,4,72
-0.029936,1875,4,72
0.019934,1950,4,72
0.011438,1975,4,72
0.04247,2000,4,72
-0.046053,25,4,74
-0.035906,50,4,74
-0.038326,75,4,74
-0.016355,100,4,74
-0.034001,125,4,74
-0.0080807,150,4,74
-0.02902,175,4,74
-0.017347,200,4,74
-0.051002,225,4,74
-0.004982,250,4,74
0.010111,275,4,74
-0.017566,300,4,74
0.02417,325,4,74
-0.00028171,350,4,74
-0.0036988,375,4,74
-0.0021455,400,4,74
0.031346,425,4,74
0.013189,450,4,74
-0.0061491,475,4,74
-0.0040436,500,4,74
-0.013796,525,4,74
-0.0067762,550,4,74
-0.025267,575,4,74
0.001674,600,4,74
-0.013562,625,4,74
-0.0024556,650,4,74
0.0053514,675,4,74
-0.0028909,700,4,74
0.0067326,725,4,74
0.004851,750,4,74
0.00031947,775,4,74
-0.0090058,800,4,74
-0.041302,825,4,74
-0.011284,850,4,74
0.0052462,875,4,74
-0.02342,900,4,74
-0.022094,925,4,74
-0.020033,950,4,74
-0.036618,975,4,74
-0.025683,1000,4,74
-0.013193,1025,4,74
-0.022299,1050,4,74
-0.042643,1075,4,74
-0.016828,1100,4,74
-0.011594,1125,4,74
-0.025471,1150,4,74
-0.034056,1175,4,74
-0.021202,1200,4,74
-0.017417,1225,4,74
-0.027426,1250,4,74
-0.023733,1275,4,74
-0.021609,1300,4,74
-0.0068959,1325,4,74
-0.0091406,1350,4,74
-0.032365,1375,4,74
-0.025057,1400,4,74
-0.028685,1425,4,74
-0.0097582,1450,4,74
-0.016557,1475,4,74
-0.033844,1500,4,74
-0.027065,1525,4,74
-0.021516,1550,4,74
-0.042424,1575,4,74
-0.0083737,1600,4,74
-0.051951,1625,4,74
-0.032214,1650,4,74
-0.015421,1675,4,74
-0.016887,1700,4,74
0.00099323,1725,4,74
-0.018799,1750,4,74
0.0047035,1775,4,74
-0.0045764,1800,4,74
-0.041492,1825,4,74
-0.041078,1850,4,74
-0.029183,1875,4,74
-0.034938,1950,4,74
-0.030911,1975,4,74
-0.041788,2000,4,74
-0.0040937,25,4,75
-0.015631,50,4,75
0.035516,75,4,75
0.046738,100,4,75
0.0022204,125,4,75
-9.7618e-05,150,4,75
0.004525,175,4,75
-0.0072221,200,4,75
0.0005588,225,4,75
-0.019074,250,4,75
0.019632,275,4,75
-0.0094915,300,4,75
0.00036975,325,4,75
0.009874,350,4,75
0.0016158,375,4,75
0.0081261,400,4,75
0.028625,425,4,75
0.011257,450,4,75
-0.0085437,475,4,75
-0.011616,500,4,75
-0.0027512,525,4,75
0.0046174,550,4,75
-0.0044279,575,4,75
0.0046767,600,4,75
0.035986,625,4,75
0.0018648,650,4,75
0.021564,675,4,75
-0.0010457,700,4,75
0.010273,725,4,75
0.014169,750,4,75
0.018292,775,4,75
-0.015858,800,4,75
0.0091694,825,4,75
0.0020976,850,4,75
-0.0082455,875,4,75
-0.0057044,900,4,75
-0.0036314,925,4,75
-0.014433,950,4,75
-0.007891,975,4,75
0.012492,1000,4,75
0.017814,1025,4,75
-0.0052804,1050,4,75
-0.020951,1075,4,75
-0.0096099,1100,4,75
-0.016399,1125,4,75
-0.021086,1150,4,75
-0.021496,1175,4,75
0.0061937,1200,4,75
-0.014627,1225,4,75
-0.01587,1250,4,75
0.0027126,1275,4,75
-0.009369,1300,4,75
-0.007623,1325,4,75
-0.0093862,1350,4,75
-0.012898,1375,4,75
-0.022109,1400,4,75
-0.0093619,1425,4,75
-0.0095107,1450,4,75
-0.0051853,1475,4,75
-0.012868,1500,4,75
-0.019742,1525,4,75
-0.017802,1550,4,75
-0.016648,1575,4,75
-0.016483,1600,4,75
-0.01103,1625,4,75
-0.0056905,1650,4,75
-0.022571,1675,4,75
-0.015467,1700,4,75
-0.01194,1725,4,75
-0.0066256,1750,4,75
-0.01645,1775,4,75
0.0053243,1800,4,75
-0.010467,1825,4,75
-0.0007145,1850,4,75
-0.006318,1875,4,75
-0.013012,1950,4,75
-0.010287,1975,4,75
0.0011305,2000,4,75
0.001793,25,4,76
-0.014173,50,4,76
0.074067,75,4,76
0.029656,100,4,76
0.025979,125,4,76
0.040774,150,4,76
0.019834,175,4,76
0.012279,200,4,76
0.025133,225,4,76
0.044675,250,4,76
0.037072,275,4,76
0.016978,300,4,76
0.019684,325,4,76
0.021397,350,4,76
0.011873,375,4,76
-0.0033787,400,4,76
-0.0070013,425,4,76
0.023725,450,4,76
0.036433,475,4,76
-0.0024347,500,4,76
0.011071,525,4,76
0.029572,550,4,76
0.017888,575,4,76
0.026811,600,4,76
0.0040968,625,4,76
0.043008,650,4,76
0.0077648,675,4,76
0.01241,700,4,76
0.02941,725,4,76
-0.00024937,750,4,76
-0.017463,775,4,76
0.0045514,800,4,76
0.017798,825,4,76
0.016591,850,4,76
-0.010398,875,4,76
0.020238,900,4,76
-0.0078391,925,4,76
-0.0071885,950,4,76
0.010161,975,4,76
-0.014381,1000,4,76
0.016098,1025,4,76
0.02385,1050,4,76
-0.0080338,1075,4,76
-0.0066015,1100,4,76
-0.0016447,1125,4,76
-0.021078,1150,4,76
-0.009406,1175,4,76
-0.011295,1200,4,76
-0.0036078,1225,4,76
-0.017,1250,4,76
-0.0059137,1275,4,76
-0.0065431,1300,4,76
-0.0043008,1325,4,76
0.003929,1350,4,76
-0.018086,1375,4,76
-0.0085765,1400,4,76
0.0078555,1425,4,76
-0.0063789,1450,4,76
-0.031906,1475,4,76
-0.017775,1500,4,76
0.011857,1525,4,76
-0.017608,1550,4,76
-0.013829,1575,4,76
-0.002376,1600,4,76
-0.0049306,1625,4,76
-0.0094175,1650,4,76
-0.025172,1675,4,76
-0.016159,1700,4,76
-0.0090828,1725,4,76
-0.018186,1750,4,76
-0.021497,1775,4,76
-0.0087228,1800,4,76
0.0079878,1825,4,76
0.0065319,1850,4,76
0.014972,1875,4,76
-0.0022347,1950,4,76
-0.019902,1975,4,76
0.0051882,2000,4,76
-0.034779,25,4,77
-0.017388,50,4,77
-0.016952,75,4,77
-0.0038237,100,4,77
-0.012049,125,4,77
0.020611,150,4,77
-0.033153,175,4,77
-0.073219,200,4,77
-0.016281,225,4,77
-0.0044632,250,4,77
-0.064917,275,4,77
-0.057486,450,4,77
-0.033837,475,4,77
-0.029412,525,4,77
-0.081582,550,4,77
-0.045009,575,4,77
-0.075458,600,4,77
-0.055471,625,4,77
-0.03419,650,4,77
-0.030298,675,4,77
-0.043233,700,4,77
-0.012112,725,4,77
-0.023238,750,4,77
-0.026001,775,4,77
-0.038911,800,4,77
-0.019701,825,4,77
-0.025775,850,4,77
-0.023918,875,4,77
-0.022115,900,4,77
0.017553,950,4,77
-0.032937,975,4,77
-0.023895,1000,4,77
-0.015017,1025,4,77
-0.035219,1050,4,77
-0.034224,1075,4,77
0.0078263,1100,4,77
-0.039571,1125,4,77
-0.05981,1150,4,77
-0.063432,1175,4,77
-0.02266,1225,4,77
-0.067505,1250,4,77
-0.039774,1275,4,77
-0.010007,1300,4,77
-0.027374,1325,4,77
-0.038171,1350,4,77
-0.057048,1375,4,77
-0.052283,1400,4,77
-0.038808,1425,4,77
-0.056047,1450,4,77
-0.0085558,1475,4,77
-0.030762,1500,4,77
-0.036244,1525,4,77
0.0024468,1550,4,77
-0.024567,1575,4,77
0.0043035,1650,4,77
-0.016685,1675,4,77
-0.037432,1700,4,77
-0.019579,1725,4,77
-0.039163,1775,4,77
-0.056327,1800,4,77
-0.013583,1825,4,77
-0.028399,1850,4,77
-0.0072714,1875,4,77
-0.045241,1950,4,77
-0.071534,1975,4,77
0.022425,25,4,78
0.048576,125,4,78
0.038209,150,4,78
0.052773,200,4,78
0.04534,225,4,78
0.05738,250,4,78
0.065962,275,4,78
0.085552,300,4,78
0.039235,325,4,78
0.066947,350,4,78
0.016096,375,4,78
0.056584,400,4,78
0.059701,425,4,78
0.10292,450,4,78
0.051546,475,4,78
0.084684,500,4,78
0.036334,525,4,78
0.034973,550,4,78
0.059817,575,4,78
0.02226,600,4,78
0.077378,625,4,78
0.093339,650,4,78
0.10201,675,4,78
0.021644,700,4,78
0.055407,725,4,78
0.054787,750,4,78
0.044378,775,4,78
0.017672,800,4,78
0.035561,825,4,78
0.036789,850,4,78
0.053152,875,4,78
0.030501,900,4,78
0.011063,925,4,78
0.059041,950,4,78
0.031625,975,4,78
-0.0059644,1000,4,78
0.013068,1025,4,78
0.022705,1050,4,78
0.0099836,1075,4,78
-0.017435,1100,4,78
0.022785,1125,4,78
-0.019224,1150,4,78
0.0028221,1175,4,78
-0.032847,1200,4,78
0.018122,1225,4,78
0.007638,1250,4,78
-0.00061665,1275,4,78
0.03099,1300,4,78
-0.0041787,1325,4,78
-0.00088166,1350,4,78
-0.02972,1375,4,78
-0.028644,1400,4,78
-0.0064907,1425,4,78
-0.018633,1450,4,78
0.0058539,1475,4,78
-0.0074252,1500,4,78
-0.034348,1525,4,78
-0.021655,1550,4,78
-0.022106,1575,4,78
-0.035074,1600,4,78
-0.0085688,1625,4,78
-0.012736,1650,4,78
-0.023357,1675,4,78
-0.0092425,1700,4,78
-0.025182,1725,4,78
-0.0062655,1750,4,78
-0.039958,1775,4,78
-0.027659,1800,4,78
-0.028515,1825,4,78
-0.029915,1850,4,78
-0.028946,1875,4,78
-0.040913,1950,4,78
-0.030496,1975,4,78
-0.041614,2000,4,78
0.066111,25,4,79
0.015592,50,4,79
0.007324,75,4,79
-0.03035,100,4,79
-0.016064,125,4,79
0.010075,150,4,79
-0.052669,175,4,79
-0.0053239,200,4,79
-0.021303,225,4,79
-0.065941,275,4,79
-0.018223,300,4,79
-0.046244,325,4,79
-0.027835,425,4,79
0.022154,450,4,79
-0.03206,475,4,79
-0.015007,500,4,79
-0.0071038,525,4,79
0.0033029,550,4,79
0.029177,575,4,79
-0.0051682,600,4,79
-0.0055548,625,4,79
0.011147,650,4,79
0.037541,675,4,79
0.008055,700,4,79
0.016981,725,4,79
0.036589,750,4,79
0.016408,775,4,79
0.044559,800,4,79
-0.019427,825,4,79
0.039141,850,4,79
0.02656,875,4,79
0.027671,900,4,79
0.012219,925,4,79
-0.011341,950,4,79
0.025691,975,4,79
0.037635,1000,4,79
-0.0031486,1025,4,79
-0.0036859,1050,4,79
0.016753,1075,4,79
-0.0042692,1100,4,79
0.045431,1125,4,79
-0.0254,1150,4,79
0.033925,1175,4,79
0.042728,1200,4,79
0.033648,1425,4,79
0.010566,1450,4,79
0.019134,1475,4,79
0.014124,1500,4,79
0.038738,1525,4,79
0.03197,1550,4,79
0.0019059,1575,4,79
0.035455,1600,4,79
0.033233,1625,4,79
0.042537,1650,4,79
0.038277,1675,4,79
0.039556,1700,4,79
0.023701,1725,4,79
0.019309,1750,4,79
0.024671,1775,4,79
0.019203,1800,4,79
0.022444,1825,4,79
0.043102,1850,4,79
0.016152,1875,4,79
0.043202,1950,4,79
0.01848,1975,4,79
0.011884,2000,4,79
0.026134,50,4,80
0.012158,75,4,80
0.084677,100,4,80
-0.022475,125,4,80
-0.0029734,150,4,80
0.017884,175,4,80
0.036574,200,4,80
0.035288,425,4,80
-0.010573,450,4,80
0.0089109,475,4,80
0.043978,500,4,80
0.02599,525,4,80
0.031692,550,4,80
0.028195,575,4,80
0.010902,600,4,80
-0.02221,625,4,80
0.010556,650,4,80
0.0069139,675,4,80
0.037047,700,4,80
0.0077419,725,4,80
0.033702,750,4,80
0.031148,775,4,80
0.007623,800,4,80
-0.01864,825,4,80
0.0036047,850,4,80
0.071276,875,4,80
0.036754,900,4,80
0.0091575,925,4,80
0.014192,950,4,80
0.032694,975,4,80
0.075806,1000,4,80
0.036963,1025,4,80
-0.011791,1050,4,80
0.032159,1075,4,80
0.025491,1100,4,80
0.016204,1125,4,80
0.007066,1150,4,80
0.012845,1175,4,80
0.041291,1200,4,80
-0.0093114,1225,4,80
0.042599,1250,4,80
0.025809,1275,4,80
-0.026737,1300,4,80
-0.030159,1325,4,80
0.036553,1350,4,80
-0.0022115,1375,4,80
0.020302,1400,4,80
0.0083702,1425,4,80
-0.0034865,1450,4,80
-0.0039909,1475,4,80
0.054407,1500,4,80
0.043581,1525,4,80
0.028155,1550,4,80
0.026077,1575,4,80
0.025871,1600,4,80
0.031097,1625,4,80
0.032806,1650,4,80
0.036263,1675,4,80
0.046296,1700,4,80
0.044041,1725,4,80
0.081579,1750,4,80
0.055315,1775,4,80
0.067277,1800,4,80
0.051393,1825,4,80
0.05707,1850,4,80
0.05518,1875,4,80
0.0050351,1950,4,80
0.014025,1975,4,80
0.041662,2000,4,80
-0.0099308,50,4,81
-0.017517,75,4,81
-0.028711,100,4,81
-0.037181,125,4,81
-0.023344,150,4,81
-0.023023,175,4,81
-0.036713,200,4,81
-0.020116,225,4,81
0.0064832,250,4,81
-0.018794,275,4,81
-0.0035999,300,4,81
0.011179,325,4,81
0.0056424,350,4,81
0.019994,375,4,81
0.056048,400,4,81
0.0099795,425,4,81
0.013429,450,4,81
0.021792,475,4,81
0.01092,500,4,81
0.023022,525,4,81
0.013039,550,4,81
0.02458,575,4,81
0.011741,600,4,81
-0.0052319,625,4,81
0.018533,650,4,81
0.02184,675,4,81
0.023566,700,4,81
0.021873,725,4,81
0.049274,750,4,81
0.02423,775,4,81
0.020991,800,4,81
0.047096,825,4,81
0.026626,850,4,81
0.024382,875,4,81
0.042357,900,4,81
-0.0076585,925,4,81
0.011998,950,4,81
0.027973,975,4,81
0.024395,1000,4,81
-0.015192,1025,4,81
-0.00098994,1050,4,81
0.02108,1075,4,81
0.012089,1100,4,81
0.025819,1125,4,81
0.0022041,1150,4,81
-0.010181,1175,4,81
0.014551,1200,4,81
-0.011049,1225,4,81
0.001919,1250,4,81
0.0024014,1275,4,81
0.030822,1300,4,81
-0.0095363,1325,4,81
0.025472,1350,4,81
-0.00058131,1375,4,81
-0.006001,1400,4,81
-0.0075741,1425,4,81
-0.0043322,1450,4,81
-0.001865,1475,4,81
-0.01335,1500,4,81
-0.024667,1525,4,81
-0.0055303,1550,4,81
-0.024007,1575,4,81
-0.010595,1600,4,81
-0.02293,1625,4,81
-0.021336,1650,4,81
-0.010219,1675,4,81
0.0072394,1700,4,81
0.021116,1725,4,81
0.0032435,1750,4,81
0.012719,1775,4,81
0.0086141,1800,4,81
-0.011833,1825,4,81
-0.0032054,1850,4,81
0.00014842,1875,4,81
-0.017851,1950,4,81
-0.0066038,1975,4,81
-0.0014287,2000,4,81
