-1.1953,1,NaN,2
0.19396,1,NaN,13
0.086586,2,NaN,22
-0.36206,2,NaN,23
0.087696,2,NaN,24
-0.082062,2,NaN,25
-0.0446,2,NaN,28
-0.043405,2,NaN,30
0.1008,2,NaN,31
0.036673,2,NaN,35
0.15057,2,NaN,36
-0.015855,2,NaN,38
0.0066328,2,NaN,39
0.11922,2,NaN,41
-0.03103,3,NaN,42
0.26898,3,NaN,44
-0.024556,3,NaN,45
0.16607,3,NaN,46
-0.04175,3,NaN,47
0.086609,3,NaN,48
0.083073,3,NaN,49
-0.062052,3,NaN,50
-0.015925,3,NaN,51
0.10036,3,NaN,52
0.13583,3,NaN,54
0.15928,3,NaN,55
-0.17944,3,NaN,56
0.030919,3,NaN,57
0.14761,3,NaN,59
-0.15507,3,NaN,60
0.16596,3,NaN,61
0.018073,4,NaN,62
-0.14807,4,NaN,63
-0.076945,4,NaN,64
0.052282,4,NaN,65
0.016389,4,NaN,66
0.10697,4,NaN,67
0.18137,4,NaN,68
0.10875,4,NaN,69
0.045152,4,NaN,70
0.055114,4,NaN,71
0.22866,4,NaN,72
0.15294,4,NaN,74
0.15299,4,NaN,75
0.01111,4,NaN,76
0.17616,4,NaN,77
-0.078801,4,NaN,78
0.17029,4,NaN,79
-0.073243,4,NaN,80
0.023244,4,NaN,81
