3.7795,50,1,2
0.55207,75,1,2
0.97048,125,1,2
0.90484,150,1,2
0.78353,175,1,2
0.72378,200,1,2
1.3815,125,1,3
0.61186,150,1,3
1.247,175,1,3
1.7787,200,1,3
0.70672,125,1,6
0.97935,150,1,6
1.3638,175,1,6
0.75743,200,1,6
0.96455,125,1,7
0.91513,100,1,10
0.59221,150,1,10
0.522,175,1,10
0.89861,200,1,10
0.81133,125,1,11
0.58718,150,1,11
0.42542,175,1,11
0.92069,200,1,11
0.66993,75,1,13
0.82568,100,1,13
0.90209,125,1,13
0.4784,150,1,13
0.75955,175,1,13
0.77809,200,1,13
0.80333,25,1,14
0.9725,150,1,14
1.0802,175,1,14
0.99181,200,1,14
1.8997,200,1,16
0.85453,100,1,17
0.65826,125,1,21
0.66928,200,1,21
1.1223,100,2,1
1.4767,125,2,1
1.2009,150,2,1
0.90085,175,2,1
0.72603,200,2,1
0.67369,225,2,1
0.76929,250,2,1
0.77203,275,2,1
0.76844,300,2,1
0.66768,325,2,1
0.64,350,2,1
0.63059,375,2,1
0.70393,400,2,1
0.50163,425,2,1
0.51223,450,2,1
0.59315,475,2,1
0.72525,500,2,1
0.55331,525,2,1
0.63378,550,2,1
0.59304,575,2,1
0.62964,600,2,1
0.49889,625,2,1
0.63512,650,2,1
0.58432,675,2,1
0.52694,700,2,1
0.49564,725,2,1
0.60959,750,2,1
0.52425,775,2,1
0.59103,800,2,1
0.72827,825,2,1
0.5521,850,2,1
0.48931,875,2,1
0.58111,900,2,1
0.58641,925,2,1
0.46345,950,2,1
0.55754,975,2,1
0.54319,1000,2,1
1.8193,175,2,2
1.0108,225,2,2
0.66617,250,2,2
1.6795,275,2,2
0.50519,300,2,2
0.82063,325,2,2
0.64461,350,2,2
0.72678,375,2,2
0.75176,400,2,2
1.1669,425,2,2
0.99616,450,2,2
1.6382,475,2,2
0.98665,500,2,2
0.92359,525,2,2
1.3362,550,2,2
0.73537,575,2,2
0.69273,600,2,2
0.74261,625,2,2
1.1652,650,2,2
0.90894,675,2,2
1.1029,700,2,2
1.1319,725,2,2
0.75492,750,2,2
0.87459,775,2,2
0.73792,800,2,2
0.65768,825,2,2
0.66212,850,2,2
0.70469,875,2,2
0.70758,900,2,2
0.79244,925,2,2
0.74926,950,2,2
0.66615,975,2,2
0.89888,1000,2,2
0.78859,350,2,3
0.40395,400,2,3
0.67246,475,2,3
0.76015,525,2,3
0.69963,675,2,3
1.1241,700,2,3
0.81242,775,2,3
0.92171,850,2,3
0.87495,875,2,3
0.84257,900,2,3
0.6455,925,2,3
0.9036,950,2,3
0.9717,975,2,3
0.45972,25,2,4
0.58387,75,2,4
0.60319,100,2,4
0.81696,125,2,4
0.66881,150,2,4
0.51833,175,2,4
0.56819,225,2,4
0.60816,250,2,4
0.6448,275,2,4
0.63481,300,2,4
0.58275,325,2,4
0.56332,350,2,4
0.52,375,2,4
0.60439,400,2,4
0.58438,425,2,4
0.67375,450,2,4
0.50676,475,2,4
0.53221,500,2,4
0.48418,525,2,4
0.63357,550,2,4
0.42637,575,2,4
0.56664,600,2,4
0.5409,625,2,4
0.55961,650,2,4
0.50955,675,2,4
0.56389,700,2,4
0.67491,725,2,4
0.52286,750,2,4
0.51114,775,2,4
0.66086,800,2,4
0.49027,825,2,4
0.48995,850,2,4
0.49341,875,2,4
0.52179,900,2,4
0.53645,925,2,4
0.53297,950,2,4
0.51235,975,2,4
0.50671,1000,2,4
0.33843,125,2,7
0.54253,150,2,7
0.55987,175,2,7
0.58373,200,2,7
0.7903,225,2,7
0.75677,250,2,7
0.92143,275,2,7
1.1649,300,2,7
0.69364,325,2,7
0.6701,350,2,7
0.91179,375,2,7
0.74062,400,2,7
0.79698,425,2,7
0.70573,450,2,7
0.70054,475,2,7
0.58667,500,2,7
0.7304,525,2,7
0.77698,550,2,7
0.76199,575,2,7
0.76038,600,2,7
0.77062,625,2,7
0.6218,650,2,7
0.54731,675,2,7
0.67494,700,2,7
0.59563,725,2,7
0.65451,750,2,7
0.64674,775,2,7
0.53366,800,2,7
0.7125,825,2,7
0.6333,850,2,7
0.5621,875,2,7
0.65073,900,2,7
0.56354,925,2,7
0.51627,950,2,7
0.62007,975,2,7
0.55094,1000,2,7
0.965,200,2,8
0.39079,275,2,8
0.42567,300,2,8
0.57294,325,2,8
0.55814,350,2,8
0.66658,400,2,8
0.63711,425,2,8
1.0899,450,2,8
0.80891,475,2,8
0.85812,550,2,8
0.82678,575,2,8
0.71368,600,2,8
0.60516,625,2,8
0.72567,650,2,8
0.57675,675,2,8
0.59523,700,2,8
0.75641,725,2,8
0.58244,750,2,8
0.53041,775,2,8
0.48879,800,2,8
0.60724,825,2,8
0.51972,850,2,8
0.55825,875,2,8
0.53163,900,2,8
0.54045,925,2,8
0.46105,950,2,8
0.62009,975,2,8
0.5815,1000,2,8
0.69359,225,2,9
1.1015,250,2,9
0.73397,275,2,9
0.54895,300,2,9
0.50056,325,2,9
0.71335,350,2,9
0.65049,400,2,9
0.43381,425,2,9
0.71532,450,2,9
0.72326,475,2,9
0.6669,500,2,9
0.68487,525,2,9
0.49601,550,2,9
0.64476,575,2,9
0.60644,600,2,9
0.78551,625,2,9
0.52093,650,2,9
0.6151,675,2,9
0.59306,700,2,9
0.54614,725,2,9
0.52483,775,2,9
0.46276,800,2,9
0.58224,825,2,9
0.64259,850,2,9
0.61914,875,2,9
0.53671,900,2,9
0.57745,925,2,9
0.50501,950,2,9
0.44758,975,2,9
0.4749,1000,2,9
0.55738,150,2,10
0.85596,200,2,10
0.41765,225,2,10
0.70971,250,2,10
0.64904,275,2,10
1.0671,300,2,10
0.85789,325,2,10
0.86609,400,2,10
0.75586,450,2,10
0.85666,525,2,10
0.73421,575,2,10
1.193,600,2,10
0.43503,625,2,10
0.44824,650,2,10
0.7983,675,2,10
0.52488,700,2,10
0.88896,725,2,10
0.9009,750,2,10
0.89006,775,2,10
0.67156,800,2,10
0.65501,825,2,10
0.47943,850,2,10
0.61275,875,2,10
0.55981,900,2,10
0.67019,950,2,10
0.79861,975,2,10
0.85618,1000,2,10
0.63168,375,2,11
0.63008,400,2,11
0.5537,425,2,11
0.91893,725,2,11
0.82791,775,2,11
0.8139,800,2,11
0.76292,825,2,11
0.62421,850,2,11
0.95507,875,2,11
0.47512,925,2,11
0.40542,950,2,11
0.42204,975,2,11
0.30722,1000,2,11
0.51088,75,2,13
0.62946,100,2,13
0.93888,125,2,13
0.55355,150,2,13
0.62311,200,2,13
0.64139,225,2,13
0.64981,250,2,13
0.57433,275,2,13
0.78284,300,2,13
0.6741,325,2,13
0.60688,375,2,13
0.57726,400,2,13
0.62748,425,2,13
0.6301,450,2,13
0.94162,475,2,13
0.71786,550,2,13
1.0002,575,2,13
1.0498,600,2,13
0.81064,625,2,13
0.57321,650,2,13
0.7698,675,2,13
0.81418,700,2,13
0.59547,725,2,13
0.6397,750,2,13
0.7608,775,2,13
0.60219,800,2,13
0.69637,825,2,13
0.60987,850,2,13
0.87203,875,2,13
0.88871,900,2,13
0.87511,925,2,13
0.66965,950,2,13
0.7468,975,2,13
0.57974,1000,2,13
0.81748,175,2,14
1.0264,200,2,14
1.1162,250,2,14
0.75016,275,2,14
1.2408,300,2,14
1.0125,325,2,14
0.61123,350,2,14
0.94112,425,2,14
1.0138,450,2,14
0.95619,475,2,14
1.4361,500,2,14
0.60732,525,2,14
0.95287,550,2,14
0.81356,575,2,14
0.85521,600,2,14
0.94321,625,2,14
0.68819,650,2,14
0.85261,675,2,14
0.96919,700,2,14
0.83315,725,2,14
0.9544,750,2,14
0.77922,775,2,14
1.0458,800,2,14
0.83685,825,2,14
0.98552,875,2,14
0.68697,900,2,14
1.0891,925,2,14
0.78984,950,2,14
1.0224,975,2,14
0.60901,1000,2,14
0.59446,200,2,15
0.79617,225,2,15
0.49653,250,2,15
1.3268,275,2,15
0.60364,300,2,15
0.47348,325,2,15
0.71183,350,2,15
0.53105,375,2,15
0.62562,400,2,15
0.61185,425,2,15
0.60911,450,2,15
0.53774,475,2,15
0.80553,500,2,15
0.64247,525,2,15
0.62511,550,2,15
0.67194,625,2,15
0.91563,650,2,15
0.70754,675,2,15
0.72236,700,2,15
1.0502,725,2,15
0.51988,750,2,15
0.46411,775,2,15
0.77831,825,2,15
0.43055,850,2,15
0.61897,875,2,15
0.48352,900,2,15
0.57467,925,2,15
1.0095,950,2,15
0.79955,975,2,15
0.84157,375,2,16
0.71762,450,2,16
0.63932,550,2,16
0.65291,575,2,16
0.69562,600,2,16
0.55947,625,2,16
1.2882,675,2,16
0.88031,700,2,16
1.0591,725,2,16
1.0289,750,2,16
0.56774,775,2,16
0.82844,800,2,16
0.90908,825,2,16
0.81658,875,2,16
0.81891,900,2,16
0.87295,925,2,16
0.98318,950,2,16
0.94698,975,2,16
1.0438,1000,2,16
0.72294,125,2,17
0.76167,150,2,17
0.7586,175,2,17
0.56695,200,2,17
0.464,225,2,17
0.73668,250,2,17
0.56129,275,2,17
0.69098,300,2,17
0.58533,325,2,17
0.74212,350,2,17
0.59866,375,2,17
0.47439,400,2,17
0.5701,425,2,17
0.75113,450,2,17
0.96295,475,2,17
0.94736,500,2,17
0.735,525,2,17
1.2528,550,2,17
0.90882,575,2,17
0.75327,600,2,17
0.88837,625,2,17
0.65495,675,2,17
0.63905,700,2,17
0.66677,725,2,17
0.68585,750,2,17
0.84512,775,2,17
0.88385,800,2,17
0.83074,825,2,17
0.70494,850,2,17
0.86953,875,2,17
0.66247,900,2,17
0.73887,925,2,17
0.74957,950,2,17
0.7311,975,2,17
0.59123,1000,2,17
0.82488,75,2,18
0.69974,275,2,18
0.6366,300,2,18
0.73193,325,2,18
0.60081,350,2,18
0.66497,375,2,18
0.70129,400,2,18
0.88697,450,2,18
0.68946,475,2,18
0.84518,500,2,18
0.74451,525,2,18
0.68965,550,2,18
0.64202,575,2,18
0.62436,600,2,18
0.70719,625,2,18
0.70006,650,2,18
0.61422,675,2,18
0.60337,700,2,18
0.5797,725,2,18
0.67964,750,2,18
0.67805,775,2,18
0.61156,800,2,18
0.77501,825,2,18
0.64481,850,2,18
0.76345,875,2,18
0.69583,900,2,18
0.76992,925,2,18
0.74611,950,2,18
0.73679,975,2,18
0.56275,1000,2,18
1.2391,75,2,20
1.077,100,2,20
0.86395,125,2,20
0.73652,150,2,20
0.99747,175,2,20
0.78287,200,2,20
0.85387,250,2,20
0.82543,275,2,20
0.62003,300,2,20
0.61718,325,2,20
0.73687,350,2,20
0.71379,375,2,20
0.87528,400,2,20
0.66001,425,2,20
0.67693,450,2,20
0.72916,475,2,20
1.0616,500,2,20
0.58298,525,2,20
0.61578,550,2,20
0.6766,575,2,20
0.59852,600,2,20
0.53884,625,2,20
0.58323,650,2,20
0.55658,675,2,20
0.60642,700,2,20
0.77433,725,2,20
0.82002,750,2,20
0.75594,775,2,20
0.6932,800,2,20
0.9755,825,2,20
0.52527,850,2,20
0.66802,875,2,20
0.6931,900,2,20
0.74054,925,2,20
0.89565,950,2,20
0.64874,975,2,20
0.69536,1000,2,20
0.58074,325,3,1
0.93251,350,3,1
0.83932,375,3,1
0.75931,400,3,1
0.69151,450,3,1
0.57089,475,3,1
0.5998,500,3,1
0.57439,525,3,1
0.54447,550,3,1
0.58802,575,3,1
0.54891,600,3,1
0.74528,625,3,1
0.64949,650,3,1
0.71361,675,3,1
0.6296,700,3,1
0.61052,725,3,1
0.62405,750,3,1
0.70449,775,3,1
0.8336,800,3,1
0.58914,825,3,1
0.68382,850,3,1
0.63134,875,3,1
0.59043,900,3,1
0.66266,925,3,1
0.5811,950,3,1
0.73952,975,3,1
0.84897,1000,3,1
1.0143,550,3,2
0.52838,675,3,2
0.55488,850,3,2
0.5209,975,3,2
0.48682,100,3,3
1.0604,150,3,3
0.90429,175,3,3
1.0106,475,3,3
1.2519,575,3,3
0.82545,875,3,3
1.0944,925,3,3
0.92575,125,3,4
0.47902,150,3,4
0.70018,175,3,4
0.50983,200,3,4
0.61186,225,3,4
0.60565,250,3,4
0.72537,275,3,4
0.6046,300,3,4
0.4863,325,3,4
0.5276,350,3,4
0.69819,375,3,4
0.49656,400,3,4
1.0223,425,3,4
0.60332,450,3,4
0.74701,475,3,4
0.61257,500,3,4
0.56369,525,3,4
0.493,550,3,4
0.83391,575,3,4
0.70538,600,3,4
0.54326,625,3,4
0.8473,650,3,4
0.62751,675,3,4
0.7106,700,3,4
0.77494,725,3,4
0.50148,750,3,4
0.88449,775,3,4
0.51766,800,3,4
0.54225,825,3,4
0.66029,850,3,4
0.60273,875,3,4
0.60859,900,3,4
0.60531,925,3,4
0.54303,950,3,4
0.53875,975,3,4
0.57275,1000,3,4
0.61645,25,3,5
0.52966,50,3,5
0.33965,75,3,5
0.62089,125,3,5
0.76515,150,3,5
0.47432,175,3,5
0.4761,200,3,5
0.63092,225,3,5
0.62434,250,3,5
0.52948,275,3,5
0.61086,300,3,5
0.51989,325,3,5
0.67231,350,3,5
0.68206,375,3,5
0.55072,400,3,5
0.57898,425,3,5
0.6273,450,3,5
0.58805,475,3,5
0.60462,500,3,5
0.75407,525,3,5
0.54137,550,3,5
0.53602,575,3,5
0.50354,600,3,5
0.6238,625,3,5
0.58822,650,3,5
0.66198,675,3,5
0.54402,700,3,5
0.60991,725,3,5
0.61562,750,3,5
0.65864,775,3,5
0.48569,800,3,5
0.54096,825,3,5
0.51961,850,3,5
0.56718,875,3,5
0.77482,900,3,5
0.64411,925,3,5
0.59162,950,3,5
0.52586,975,3,5
0.55783,1000,3,5
0.62426,350,3,6
0.59351,375,3,6
0.55716,400,3,6
0.50943,450,3,6
0.58132,500,3,6
0.54932,525,3,6
0.53029,575,3,6
0.48376,600,3,6
0.60415,625,3,6
0.41109,650,3,6
0.43762,675,3,6
0.73807,700,3,6
0.50865,725,3,6
0.78018,750,3,6
0.44703,775,3,6
0.62017,800,3,6
0.59559,825,3,6
0.8116,850,3,6
0.50985,875,3,6
0.66828,900,3,6
0.56968,925,3,6
0.6424,950,3,6
0.56778,975,3,6
0.53932,1000,3,6
0.96886,25,3,7
1.3459,50,3,7
0.75166,200,3,7
1.0335,225,3,7
0.69554,250,3,7
0.61797,275,3,7
1.0941,300,3,7
0.7863,325,3,7
1.101,350,3,7
0.85143,375,3,7
0.62747,400,3,7
0.9028,425,3,7
0.72368,450,3,7
0.92311,475,3,7
0.78411,500,3,7
0.35294,525,3,7
0.76149,550,3,7
0.58282,575,3,7
0.81522,600,3,7
0.73717,625,3,7
0.96464,650,3,7
0.88388,675,3,7
0.77737,700,3,7
0.82642,725,3,7
0.92695,750,3,7
0.85447,775,3,7
0.64278,800,3,7
0.96281,825,3,7
0.91825,850,3,7
0.77926,875,3,7
0.7765,900,3,7
1.0942,925,3,7
0.79609,950,3,7
0.64081,975,3,7
0.98816,1000,3,7
0.51677,75,3,8
0.86853,125,3,8
0.96219,150,3,8
0.55332,175,3,8
0.6951,200,3,8
0.73344,225,3,8
0.5893,250,3,8
1.278,325,3,8
0.57475,350,3,8
0.93203,400,3,8
0.66115,425,3,8
0.66384,450,3,8
0.66705,475,3,8
0.7429,500,3,8
0.61966,525,3,8
0.65296,550,3,8
0.81766,575,3,8
0.84834,600,3,8
0.73674,625,3,8
0.7243,650,3,8
1.2434,675,3,8
0.69325,700,3,8
0.73952,725,3,8
0.89669,750,3,8
0.71949,775,3,8
0.72605,800,3,8
0.44,825,3,8
0.73402,850,3,8
0.67151,900,3,8
0.96267,925,3,8
0.80189,950,3,8
0.7354,975,3,8
0.88181,1000,3,8
0.96263,100,3,9
0.56484,125,3,9
0.79102,175,3,9
0.41799,200,3,9
0.68472,225,3,9
0.62154,250,3,9
0.75066,275,3,9
0.331,300,3,9
0.73066,325,3,9
0.62997,350,3,9
0.53133,375,3,9
0.76308,400,3,9
0.79722,425,3,9
0.69514,450,3,9
0.6394,475,3,9
0.73808,500,3,9
0.68557,525,3,9
0.65439,550,3,9
0.75115,575,3,9
0.74955,600,3,9
0.62501,625,3,9
0.59859,650,3,9
0.55526,675,3,9
0.46411,700,3,9
0.59184,725,3,9
0.44194,750,3,9
0.55771,775,3,9
0.53026,800,3,9
0.71471,825,3,9
0.67948,850,3,9
0.73974,875,3,9
0.62911,900,3,9
0.66601,925,3,9
0.61563,950,3,9
0.605,975,3,9
0.6162,1000,3,9
0.79997,75,3,10
0.65261,100,3,10
0.68874,125,3,10
0.40276,200,3,10
0.92884,225,3,10
0.66924,250,3,10
0.91173,325,3,10
0.83215,350,3,10
0.5879,375,3,10
0.6083,400,3,10
0.76432,425,3,10
0.68757,450,3,10
0.60905,475,3,10
0.72999,500,3,10
0.95303,525,3,10
0.67024,550,3,10
0.68318,575,3,10
0.61414,600,3,10
0.69304,625,3,10
0.64105,650,3,10
0.79851,675,3,10
0.65283,700,3,10
0.74555,725,3,10
0.78958,750,3,10
0.9299,775,3,10
0.80607,800,3,10
1.009,850,3,10
0.77655,875,3,10
0.75429,900,3,10
0.99944,925,3,10
0.6996,950,3,10
0.66885,975,3,10
1.0237,1000,3,10
0.46025,50,3,11
0.64451,75,3,11
0.47396,100,3,11
1.1501,125,3,11
1.0258,150,3,11
1.1339,175,3,11
0.967,225,3,11
0.64498,250,3,11
0.97955,275,3,11
1.037,300,3,11
0.45347,375,3,11
0.73136,425,3,11
0.90155,450,3,11
1.314,525,3,11
0.70315,575,3,11
0.83467,600,3,11
0.6078,625,3,11
1.093,650,3,11
1.282,675,3,11
0.73199,700,3,11
0.87577,725,3,11
0.79141,750,3,11
0.54445,775,3,11
0.66335,800,3,11
0.78286,825,3,11
0.85772,850,3,11
0.83281,875,3,11
1.1501,900,3,11
0.74119,925,3,11
0.68869,950,3,11
0.72684,975,3,11
0.80001,1000,3,11
0.59276,300,3,12
0.78926,350,3,12
0.58092,475,3,12
0.56816,500,3,12
0.64083,525,3,12
0.75576,550,3,12
0.51853,575,3,12
1.0663,650,3,12
0.69225,700,3,12
0.60153,800,3,12
0.54268,850,3,12
0.66091,875,3,12
0.46752,950,3,12
0.56309,975,3,12
0.72266,1000,3,12
1.0083,25,3,13
0.8974,100,3,13
0.94349,125,3,13
1.247,150,3,13
0.76977,200,3,13
0.57952,225,3,13
0.66075,275,3,13
0.71478,300,3,13
0.79921,325,3,13
0.60584,350,3,13
0.46869,375,3,13
1.0222,400,3,13
1.2516,425,3,13
1.2238,450,3,13
1.1535,475,3,13
0.86127,500,3,13
0.53884,525,3,13
0.90745,550,3,13
1.0405,575,3,13
0.92119,600,3,13
0.79452,625,3,13
1.0537,650,3,13
1.0062,675,3,13
0.95186,700,3,13
0.9808,725,3,13
0.78975,750,3,13
0.85312,775,3,13
0.73998,800,3,13
0.96968,825,3,13
0.83726,850,3,13
1.0435,875,3,13
1.0762,925,3,13
0.8384,950,3,13
0.56847,975,3,13
1.1515,1000,3,13
1.0602,25,3,14
0.8104,50,3,14
0.77044,75,3,14
0.66844,100,3,14
0.72968,125,3,14
0.5506,150,3,14
0.71608,175,3,14
0.65316,200,3,14
0.66194,225,3,14
0.55346,250,3,14
0.56976,275,3,14
0.59418,300,3,14
0.53252,325,3,14
0.5535,350,3,14
0.51542,375,3,14
0.55015,400,3,14
0.59832,425,3,14
0.57271,450,3,14
0.55127,475,3,14
0.70583,500,3,14
0.56126,525,3,14
0.59037,550,3,14
0.55926,575,3,14
0.5002,600,3,14
0.47328,625,3,14
0.47684,650,3,14
0.46769,675,3,14
0.51737,700,3,14
0.5235,725,3,14
0.47385,750,3,14
0.51646,775,3,14
0.50469,800,3,14
0.51682,825,3,14
0.55002,850,3,14
0.51438,875,3,14
0.70243,900,3,14
0.68052,925,3,14
0.49892,950,3,14
0.57352,975,3,14
0.46022,1000,3,14
0.86004,25,3,15
0.79636,50,3,15
0.61845,75,3,15
0.67781,100,3,15
0.60005,125,3,15
0.61134,150,3,15
0.69198,175,3,15
0.68397,200,3,15
0.63739,225,3,15
0.60484,250,3,15
0.73532,275,3,15
0.62123,300,3,15
0.59537,325,3,15
0.55674,350,3,15
0.54795,375,3,15
0.54737,400,3,15
0.64373,425,3,15
0.6528,450,3,15
0.54106,475,3,15
0.55958,500,3,15
0.76899,525,3,15
0.63147,550,3,15
0.61364,575,3,15
0.60761,600,3,15
1.048,625,3,15
0.67469,650,3,15
0.50532,675,3,15
0.488,700,3,15
0.48014,725,3,15
0.56539,750,3,15
0.4968,775,3,15
0.68113,800,3,15
0.93074,825,3,15
0.91388,850,3,15
0.8365,900,3,15
0.63237,925,3,15
0.75119,950,3,15
0.75217,975,3,15
0.74621,1000,3,15
0.7426,400,3,16
0.8849,425,3,16
0.75925,450,3,16
0.80591,500,3,16
1.0884,575,3,16
0.74366,625,3,16
0.93021,650,3,16
0.6657,750,3,16
0.70488,775,3,16
0.70893,800,3,16
0.55123,850,3,16
0.90035,875,3,16
0.86279,900,3,16
0.65063,925,3,16
0.78324,950,3,16
0.58492,975,3,16
0.9763,1000,3,16
0.48368,375,3,17
0.60305,400,3,17
0.52023,600,3,17
0.90664,950,3,17
0.59532,25,3,18
0.59916,50,3,18
0.94601,75,3,18
0.82826,100,3,18
0.58531,125,3,18
0.71808,150,3,18
0.70761,175,3,18
0.63369,200,3,18
0.7649,225,3,18
0.54711,250,3,18
0.53768,275,3,18
0.59949,300,3,18
0.64106,325,3,18
0.62532,350,3,18
0.62264,375,3,18
0.53878,400,3,18
0.57783,425,3,18
0.49407,450,3,18
0.6664,475,3,18
0.63487,500,3,18
0.55866,525,3,18
0.471,550,3,18
0.52115,575,3,18
0.6161,600,3,18
0.65204,625,3,18
0.66181,650,3,18
0.61241,675,3,18
0.54428,700,3,18
0.59681,725,3,18
0.56164,750,3,18
0.5541,775,3,18
0.5101,800,3,18
0.56553,825,3,18
0.57846,850,3,18
0.53649,875,3,18
0.75426,900,3,18
0.6559,925,3,18
0.56831,950,3,18
0.54032,975,3,18
0.5303,1000,3,18
0.86952,550,3,19
0.7166,575,3,19
0.83643,600,3,19
0.75098,625,3,19
0.71755,650,3,19
0.56284,675,3,19
1.005,700,3,19
0.80295,725,3,19
0.63708,750,3,19
0.76286,775,3,19
0.7797,800,3,19
0.49641,825,3,19
0.63527,850,3,19
0.83142,875,3,19
0.61404,900,3,19
0.5425,925,3,19
0.49366,950,3,19
0.68145,975,3,19
0.54191,1000,3,19
0.69726,150,3,20
0.54662,175,3,20
0.43825,200,3,20
0.7736,225,3,20
0.49791,250,3,20
0.69524,275,3,20
0.55283,300,3,20
0.52445,325,3,20
0.63013,350,3,20
0.5211,375,3,20
0.62456,400,3,20
0.77972,425,3,20
0.55343,450,3,20
0.64975,475,3,20
0.46255,500,3,20
0.61441,525,3,20
0.76196,550,3,20
0.65651,575,3,20
0.68158,600,3,20
0.89151,625,3,20
0.50724,650,3,20
0.58511,675,3,20
0.56208,700,3,20
0.59558,725,3,20
0.59799,750,3,20
0.64107,775,3,20
0.54929,800,3,20
0.69329,850,3,20
0.60357,875,3,20
0.90514,900,3,20
0.72363,925,3,20
0.70578,950,3,20
0.65876,975,3,20
0.67998,1000,3,20
0.77882,100,4,1
0.69804,200,4,1
0.54989,250,4,1
0.59987,275,4,1
1.0551,325,4,1
0.59407,350,4,1
0.3202,375,4,1
0.53736,400,4,1
0.61409,425,4,1
0.58938,450,4,1
0.78166,475,4,1
0.79536,500,4,1
0.72724,525,4,1
0.83488,550,4,1
0.68243,575,4,1
0.55837,600,4,1
1.0375,625,4,1
0.64795,650,4,1
1.5793,675,4,1
0.86756,700,4,1
0.67014,725,4,1
0.46738,750,4,1
0.56775,775,4,1
0.52633,800,4,1
0.99475,825,4,1
0.8493,850,4,1
0.67052,900,4,1
0.69921,925,4,1
0.71128,950,4,1
0.75641,975,4,1
0.67328,1000,4,1
0.74966,1025,4,1
0.61003,1050,4,1
0.55787,1075,4,1
0.61207,1100,4,1
0.58756,1125,4,1
0.72371,1150,4,1
0.69701,1175,4,1
0.64868,1225,4,1
0.55154,1250,4,1
0.46822,1275,4,1
0.71068,1300,4,1
0.67988,1325,4,1
0.61636,1350,4,1
0.44687,1375,4,1
0.6307,1400,4,1
0.80676,1425,4,1
0.59531,1450,4,1
0.62834,1475,4,1
0.58954,1500,4,1
0.63577,1525,4,1
0.6138,1550,4,1
0.51964,1575,4,1
0.58612,1600,4,1
0.55931,1625,4,1
0.64095,1650,4,1
0.67778,1675,4,1
0.60521,1700,4,1
0.51975,1725,4,1
0.64626,1750,4,1
0.56918,1775,4,1
0.63338,1800,4,1
0.77387,1825,4,1
0.63845,1850,4,1
0.44836,1875,4,1
0.65542,1900,4,1
0.46754,1925,4,1
0.66466,1950,4,1
0.50451,1975,4,1
0.50412,2000,4,1
0.46357,75,4,2
0.9399,100,4,2
0.59666,150,4,2
0.39791,175,4,2
0.53431,200,4,2
0.48469,225,4,2
0.88758,275,4,2
0.67777,300,4,2
0.57417,325,4,2
0.63497,350,4,2
0.61052,375,4,2
0.72538,400,4,2
0.75907,425,4,2
0.68683,450,4,2
0.61984,475,4,2
0.46114,500,4,2
0.55343,525,4,2
0.71039,550,4,2
0.56233,575,4,2
0.64796,600,4,2
0.62548,625,4,2
0.68685,650,4,2
0.96879,675,4,2
0.7574,750,4,2
1.353,775,4,2
0.70204,800,4,2
0.65786,825,4,2
0.47505,850,4,2
0.6381,875,4,2
0.58746,900,4,2
0.62652,925,4,2
0.66517,950,4,2
0.57223,975,4,2
0.66262,1000,4,2
0.41668,1025,4,2
1.1681,1050,4,2
0.76237,1100,4,2
0.64647,1150,4,2
1.0277,1200,4,2
0.83275,1225,4,2
0.4396,1250,4,2
0.56785,1275,4,2
0.6575,1300,4,2
0.61755,1325,4,2
1.0229,1350,4,2
0.48745,1375,4,2
0.77295,1400,4,2
0.55308,1425,4,2
0.53447,1450,4,2
0.6535,1475,4,2
0.58221,1500,4,2
0.53068,1525,4,2
0.47724,1550,4,2
0.52295,1575,4,2
0.56811,1600,4,2
0.66083,1650,4,2
0.68363,1700,4,2
0.57753,1725,4,2
0.65799,1750,4,2
0.60704,1775,4,2
0.70912,1800,4,2
0.62949,1825,4,2
0.7984,1850,4,2
0.70924,1875,4,2
0.60576,1925,4,2
0.59947,1950,4,2
0.63738,1975,4,2
0.51916,2000,4,2
1.4735,175,4,3
0.72133,200,4,3
0.69619,250,4,3
0.69916,300,4,3
0.93154,325,4,3
0.84025,350,4,3
0.87109,375,4,3
0.6318,400,4,3
0.74939,425,4,3
1.1378,450,4,3
0.5902,475,4,3
0.85823,500,4,3
1.0126,525,4,3
0.77731,575,4,3
0.59318,600,4,3
0.73437,625,4,3
0.90251,650,4,3
1.0053,675,4,3
0.99271,700,4,3
0.83522,725,4,3
0.82134,750,4,3
1.052,800,4,3
0.91491,850,4,3
1.0024,875,4,3
0.81232,900,4,3
0.69573,925,4,3
0.98288,950,4,3
0.88726,975,4,3
0.72142,1000,4,3
0.97477,1025,4,3
1.3924,1050,4,3
1.1073,1075,4,3
0.86892,1100,4,3
0.78994,1125,4,3
0.97533,1150,4,3
0.9806,1175,4,3
0.86657,1200,4,3
0.9676,1225,4,3
1.0681,1250,4,3
0.68469,1275,4,3
0.9671,1300,4,3
0.91085,1325,4,3
0.96132,1350,4,3
0.98054,1375,4,3
0.68098,1400,4,3
1.2787,1425,4,3
0.76496,1450,4,3
0.85648,1475,4,3
0.69906,1500,4,3
0.68711,1525,4,3
0.58733,1550,4,3
1.141,1575,4,3
0.84004,1625,4,3
0.84262,1650,4,3
0.54598,1675,4,3
0.65257,1700,4,3
0.75323,1725,4,3
0.97944,1750,4,3
0.84226,1775,4,3
0.81359,1800,4,3
0.81308,1825,4,3
0.64836,1850,4,3
0.70538,1875,4,3
0.71571,1900,4,3
0.48415,1925,4,3
0.70762,1950,4,3
0.72308,1975,4,3
0.64973,2000,4,3
1.1217,250,4,4
1.029,275,4,4
0.85093,550,4,4
0.65936,600,4,4
1.0022,700,4,4
0.68434,725,4,4
1.0603,750,4,4
1.2136,850,4,4
0.50877,900,4,4
0.60108,975,4,4
0.96572,1000,4,4
1.1427,1050,4,4
0.9438,1075,4,4
0.88837,1100,4,4
1.1469,1125,4,4
0.52136,1150,4,4
0.67041,1175,4,4
0.79837,1200,4,4
0.90045,1225,4,4
0.81746,1250,4,4
0.60027,1275,4,4
0.63838,1300,4,4
0.63652,1325,4,4
0.75732,1350,4,4
0.64042,1375,4,4
0.6743,1400,4,4
0.75775,1425,4,4
0.93076,1450,4,4
0.98546,1475,4,4
0.79224,1500,4,4
0.70771,1525,4,4
0.62161,1550,4,4
0.71055,1575,4,4
0.67096,1600,4,4
0.83458,1625,4,4
0.69932,1650,4,4
0.87218,1675,4,4
0.77197,1700,4,4
0.7775,1725,4,4
1.169,1775,4,4
0.87678,1800,4,4
0.66896,1825,4,4
0.98912,1850,4,4
0.60189,1875,4,4
0.86125,1900,4,4
0.83432,1925,4,4
0.58831,1950,4,4
0.85562,1975,4,4
0.78415,2000,4,4
0.56971,150,4,5
0.94469,175,4,5
0.5517,200,4,5
0.72851,225,4,5
0.6385,250,4,5
0.42739,275,4,5
0.49844,300,4,5
0.63517,325,4,5
0.48698,375,4,5
0.54149,450,4,5
0.57998,475,4,5
0.5853,500,4,5
0.75982,525,4,5
0.64189,550,4,5
0.55083,575,4,5
0.71027,600,4,5
0.65696,625,4,5
0.4786,650,4,5
0.68296,675,4,5
0.51783,700,4,5
0.5968,725,4,5
0.71049,750,4,5
0.59152,775,4,5
0.77452,800,4,5
0.69832,825,4,5
0.64011,850,4,5
0.4901,875,4,5
0.6187,900,4,5
0.61492,925,4,5
0.56502,950,4,5
0.68805,975,4,5
0.68028,1000,4,5
0.77369,1025,4,5
0.67437,1050,4,5
0.63375,1075,4,5
0.62307,1100,4,5
0.51751,1200,4,5
0.73473,1225,4,5
0.60442,1250,4,5
0.49511,1275,4,5
0.67471,1300,4,5
0.69041,1325,4,5
0.80713,1350,4,5
0.743,1375,4,5
0.62163,1400,4,5
0.63332,1425,4,5
0.59774,1450,4,5
0.81533,1475,4,5
0.59624,1500,4,5
0.56565,1525,4,5
0.62382,1550,4,5
0.73604,1575,4,5
0.50252,1600,4,5
0.78474,1625,4,5
0.60678,1650,4,5
0.60388,1675,4,5
0.53397,1700,4,5
0.57486,1725,4,5
0.6686,1750,4,5
0.61758,1775,4,5
0.5631,1800,4,5
0.61881,1825,4,5
0.58116,1850,4,5
0.64699,1875,4,5
0.64826,1900,4,5
0.61266,1925,4,5
0.63648,1950,4,5
0.58131,1975,4,5
0.6047,2000,4,5
0.60303,25,4,6
0.64471,100,4,6
0.55107,125,4,6
0.75775,150,4,6
0.73701,175,4,6
0.64919,200,4,6
0.61864,250,4,6
0.72156,275,4,6
0.55365,300,4,6
0.71407,325,4,6
0.57982,350,4,6
0.83642,375,4,6
0.47699,425,4,6
0.49911,450,4,6
0.50326,475,4,6
0.59442,500,4,6
0.71266,525,4,6
0.69009,550,4,6
0.62236,575,4,6
0.76696,600,4,6
0.65952,625,4,6
0.68464,650,4,6
0.47239,675,4,6
0.48026,700,4,6
0.52723,725,4,6
0.94966,750,4,6
0.65876,775,4,6
0.54814,825,4,6
0.55037,850,4,6
0.61304,875,4,6
0.5417,900,4,6
0.57132,925,4,6
0.49668,950,4,6
0.65707,975,4,6
0.63332,1000,4,6
0.59233,1025,4,6
0.68245,1050,4,6
0.59557,1075,4,6
0.7012,1100,4,6
0.63523,1125,4,6
0.67735,1150,4,6
0.53897,1175,4,6
0.50726,1200,4,6
0.62546,1225,4,6
0.56014,1250,4,6
0.67488,1275,4,6
0.5656,1300,4,6
0.69308,1325,4,6
0.63403,1350,4,6
0.6159,1375,4,6
0.58604,1400,4,6
0.51815,1425,4,6
0.58795,1450,4,6
0.57748,1475,4,6
0.48624,1500,4,6
0.53069,1525,4,6
0.4842,1550,4,6
0.49321,1575,4,6
0.44405,1600,4,6
0.48356,1625,4,6
0.58425,1650,4,6
0.50705,1675,4,6
0.65545,1700,4,6
0.57541,1725,4,6
0.51294,1750,4,6
0.50914,1775,4,6
0.55044,1800,4,6
0.58443,1825,4,6
0.5174,1850,4,6
0.43753,1875,4,6
0.58887,1900,4,6
0.58001,1925,4,6
0.52758,1950,4,6
0.53245,1975,4,6
0.54286,2000,4,6
1.275,25,4,7
1.9938,50,4,7
0.62615,100,4,7
0.57851,125,4,7
0.63593,150,4,7
0.63375,175,4,7
0.67832,200,4,7
0.69117,225,4,7
0.60095,250,4,7
0.75331,275,4,7
0.72005,300,4,7
0.62383,325,4,7
0.52648,350,4,7
0.56403,375,4,7
0.56477,400,4,7
0.74812,425,4,7
0.48833,450,4,7
0.53246,475,4,7
0.60652,500,4,7
0.56567,525,4,7
0.49591,550,4,7
0.67571,575,4,7
0.52476,600,4,7
0.52569,625,4,7
0.55999,650,4,7
0.60063,675,4,7
0.61754,700,4,7
0.5356,725,4,7
0.54382,750,4,7
0.54654,775,4,7
0.53078,800,4,7
0.66506,825,4,7
0.60658,850,4,7
0.52637,875,4,7
0.49929,900,4,7
0.63371,925,4,7
0.59672,950,4,7
0.53864,975,4,7
0.51844,1000,4,7
0.80665,1025,4,7
0.74683,1050,4,7
0.64789,1075,4,7
0.71645,1100,4,7
0.66204,1125,4,7
0.72622,1150,4,7
0.53181,1175,4,7
0.69932,1200,4,7
0.65699,1225,4,7
0.68587,1250,4,7
0.72499,1275,4,7
0.59142,1300,4,7
0.57466,1325,4,7
0.59723,1350,4,7
0.46588,1375,4,7
0.47411,1400,4,7
0.57977,1425,4,7
0.56974,1450,4,7
0.63134,1475,4,7
0.64239,1500,4,7
0.63049,1525,4,7
0.66437,1550,4,7
0.67633,1575,4,7
0.60376,1600,4,7
0.65306,1625,4,7
0.6078,1650,4,7
0.48136,1675,4,7
0.51807,1700,4,7
0.48767,1725,4,7
0.44243,1750,4,7
0.43471,1775,4,7
0.48102,1800,4,7
0.55871,1825,4,7
0.53398,1850,4,7
0.55384,1875,4,7
0.77726,1900,4,7
0.6733,1925,4,7
0.71074,175,4,8
0.9848,200,4,8
0.78205,250,4,8
0.61176,275,4,8
0.76415,300,4,8
0.57688,325,4,8
0.59234,350,4,8
0.52192,375,4,8
0.93344,400,4,8
0.98105,425,4,8
1.1044,475,4,8
0.63291,500,4,8
0.32585,525,4,8
0.95101,675,4,8
0.96411,800,4,8
0.5518,1200,4,8
0.54091,1275,4,8
0.63889,1425,4,8
0.46485,1450,4,8
0.59484,1475,4,8
0.59071,1500,4,8
0.65249,1525,4,8
0.57711,1550,4,8
0.61066,1575,4,8
0.68943,1600,4,8
0.53083,1625,4,8
0.73323,1675,4,8
0.5243,1700,4,8
0.6015,1725,4,8
0.51614,1750,4,8
0.4916,1775,4,8
0.46606,1800,4,8
0.62185,1825,4,8
0.54816,1850,4,8
0.61864,1875,4,8
0.8153,1900,4,8
0.56899,1925,4,8
0.76126,1950,4,8
0.79043,1975,4,8
0.6633,2000,4,8
0.85487,25,4,9
0.95184,50,4,9
1.1307,75,4,9
0.8076,100,4,9
0.78695,125,4,9
0.8059,225,4,9
0.89327,250,4,9
0.62323,275,4,9
0.67954,300,4,9
0.70504,325,4,9
1.0709,350,4,9
0.8582,375,4,9
0.90042,400,4,9
0.75812,425,4,9
0.83022,450,4,9
0.82931,475,4,9
0.95008,500,4,9
1.0099,525,4,9
0.85768,550,4,9
0.795,575,4,9
0.91356,600,4,9
0.7537,625,4,9
0.83889,650,4,9
0.93892,675,4,9
0.68838,700,4,9
0.7786,725,4,9
0.5961,750,4,9
0.75789,775,4,9
0.72084,800,4,9
0.7431,825,4,9
0.71571,850,4,9
0.67795,875,4,9
0.7018,900,4,9
0.70886,925,4,9
0.70794,950,4,9
0.65694,975,4,9
0.69627,1000,4,9
0.68578,1025,4,9
0.75986,1050,4,9
0.80217,1075,4,9
0.72811,1100,4,9
0.903,1125,4,9
0.94273,1150,4,9
0.85528,1175,4,9
0.7391,1200,4,9
0.79755,1225,4,9
0.70495,1250,4,9
0.6288,1275,4,9
0.60476,1300,4,9
0.62811,1325,4,9
0.6869,1350,4,9
0.66367,1375,4,9
0.70824,1400,4,9
0.7426,1425,4,9
0.76345,1450,4,9
0.84591,1475,4,9
0.72943,1500,4,9
0.69597,1525,4,9
0.71171,1550,4,9
0.6674,1575,4,9
0.7298,1600,4,9
0.68863,1625,4,9
0.6648,1650,4,9
0.65801,1675,4,9
0.66366,1700,4,9
0.58378,1725,4,9
0.71032,1750,4,9
0.69978,1775,4,9
0.73592,1800,4,9
0.698,1825,4,9
0.6837,1850,4,9
0.64319,1875,4,9
0.70664,1900,4,9
0.71056,1925,4,9
0.56107,1950,4,9
0.63774,1975,4,9
0.62514,2000,4,9
0.96599,350,4,10
0.64957,375,4,10
0.66758,475,4,10
0.4089,500,4,10
0.57981,575,4,10
0.65357,600,4,10
0.61221,625,4,10
0.5356,650,4,10
0.65909,675,4,10
0.50547,700,4,10
0.53868,725,4,10
0.96345,750,4,10
0.50787,775,4,10
0.6928,800,4,10
0.6354,825,4,10
0.53283,850,4,10
0.86082,875,4,10
0.64266,900,4,10
0.59359,925,4,10
0.60416,950,4,10
0.49515,975,4,10
0.57256,1000,4,10
0.55746,1025,4,10
0.58336,1050,4,10
0.67966,1075,4,10
0.62643,1100,4,10
0.68493,1125,4,10
0.76125,1150,4,10
0.69124,1175,4,10
0.79542,1200,4,10
0.71175,1225,4,10
0.56906,1250,4,10
0.64014,1275,4,10
0.57332,1300,4,10
0.54191,1325,4,10
0.56141,1350,4,10
0.70496,1375,4,10
0.51982,1400,4,10
0.58087,1425,4,10
0.5827,1450,4,10
0.58994,1475,4,10
0.6211,1500,4,10
0.52956,1525,4,10
0.69508,1550,4,10
0.85808,1575,4,10
0.65081,1600,4,10
0.67366,1625,4,10
0.60976,1650,4,10
0.55039,1675,4,10
0.56183,1700,4,10
0.54983,1725,4,10
0.45718,1750,4,10
0.54902,1775,4,10
0.5882,1800,4,10
0.77794,1825,4,10
0.68808,1850,4,10
0.59067,1875,4,10
0.74727,1900,4,10
0.64171,1925,4,10
0.86422,1950,4,10
0.67437,1975,4,10
0.85349,2000,4,10
0.90116,125,4,11
1.16,150,4,11
0.88008,175,4,11
0.26967,225,4,11
0.84057,250,4,11
1.1392,275,4,11
1.0402,300,4,11
0.86598,350,4,11
0.86526,375,4,11
1.2738,400,4,11
0.65382,425,4,11
0.97396,450,4,11
1.2446,475,4,11
0.90427,500,4,11
1.1899,550,4,11
1.4419,650,4,11
1.3319,675,4,11
1.3523,750,4,11
1.2032,775,4,11
1.2368,800,4,11
0.77291,825,4,11
0.65555,850,4,11
0.72971,875,4,11
0.85758,900,4,11
0.96208,925,4,11
0.91548,950,4,11
0.75198,975,4,11
0.78542,1000,4,11
0.87034,1025,4,11
0.94395,1050,4,11
0.94213,1075,4,11
0.76537,1100,4,11
1.0516,1125,4,11
0.7238,1175,4,11
0.76159,1200,4,11
0.98633,1225,4,11
0.86056,1250,4,11
0.81378,1275,4,11
0.83388,1300,4,11
0.86062,1325,4,11
0.78105,1350,4,11
0.66635,1375,4,11
0.65842,1400,4,11
0.76015,1425,4,11
0.7688,1450,4,11
0.92704,1475,4,11
0.78431,1500,4,11
0.78096,1525,4,11
1.2671,1575,4,11
0.91148,1600,4,11
0.73012,1625,4,11
0.77771,1650,4,11
0.74516,1675,4,11
0.6432,1700,4,11
0.71891,1725,4,11
0.89899,1750,4,11
0.79253,1775,4,11
0.82046,1800,4,11
0.82134,1825,4,11
0.7705,1850,4,11
0.69442,1875,4,11
0.90599,1900,4,11
1.0162,1925,4,11
1.0209,1950,4,11
0.68021,1975,4,11
1.1322,2000,4,11
0.69755,125,4,13
0.95406,175,4,13
1.3207,200,4,13
0.55408,225,4,13
0.72203,250,4,13
0.82646,275,4,13
0.47543,300,4,13
0.54213,350,4,13
0.4354,375,4,13
0.62685,400,4,13
0.7876,425,4,13
0.53094,450,4,13
0.52956,475,4,13
0.4818,500,4,13
0.63766,525,4,13
0.552,550,4,13
0.45304,575,4,13
0.60625,600,4,13
0.46839,625,4,13
0.49208,650,4,13
0.51611,675,4,13
0.43402,700,4,13
0.58931,725,4,13
0.54213,750,4,13
0.56407,775,4,13
0.75171,800,4,13
0.46454,825,4,13
0.35181,850,4,13
0.49955,875,4,13
0.46663,900,4,13
0.42437,925,4,13
0.48404,950,4,13
0.37978,975,4,13
0.46702,1000,4,13
0.51399,1025,4,13
0.35784,1050,4,13
0.42484,1075,4,13
0.46663,1100,4,13
0.56065,1125,4,13
0.49672,1150,4,13
0.53384,1175,4,13
0.54413,1200,4,13
0.55145,1225,4,13
0.49907,1250,4,13
0.48661,1275,4,13
0.53081,1300,4,13
0.43133,1325,4,13
0.55676,1350,4,13
0.49218,1375,4,13
0.50373,1400,4,13
0.45994,1425,4,13
0.44104,1450,4,13
0.5631,1475,4,13
0.56006,1500,4,13
0.48322,1525,4,13
0.55466,1550,4,13
0.53792,1575,4,13
0.62663,1600,4,13
0.38536,1625,4,13
0.38183,1650,4,13
0.42233,1675,4,13
0.46951,1700,4,13
0.45641,1725,4,13
0.42853,1750,4,13
0.44689,1775,4,13
0.47628,1800,4,13
0.4271,1825,4,13
0.39925,1850,4,13
0.38911,1875,4,13
0.54899,1900,4,13
0.54525,1925,4,13
0.41497,1950,4,13
0.45763,1975,4,13
0.37774,2000,4,13
0.90145,75,4,14
0.52691,100,4,14
0.61023,125,4,14
0.96001,150,4,14
0.79658,175,4,14
0.84521,200,4,14
0.88237,225,4,14
0.69739,250,4,14
0.75958,275,4,14
0.70866,300,4,14
0.675,325,4,14
0.63462,350,4,14
0.65099,375,4,14
0.59075,400,4,14
0.70399,425,4,14
0.71019,450,4,14
0.71409,475,4,14
0.71097,500,4,14
0.68237,525,4,14
0.62898,550,4,14
0.71609,575,4,14
0.62651,600,4,14
0.60169,625,4,14
0.59545,650,4,14
0.65776,675,4,14
0.6052,700,4,14
0.52483,725,4,14
0.52735,750,4,14
0.5403,775,4,14
0.54777,800,4,14
0.47668,825,4,14
0.52744,850,4,14
0.53569,875,4,14
0.57645,900,4,14
0.47207,925,4,14
0.50249,950,4,14
0.43191,975,4,14
0.4996,1000,4,14
0.55001,1025,4,14
0.56947,1050,4,14
0.52397,1075,4,14
0.45692,1100,4,14
0.50261,1125,4,14
0.52263,1150,4,14
0.52041,1175,4,14
0.45389,1200,4,14
0.62589,1225,4,14
0.52968,1250,4,14
0.45757,1275,4,14
0.47585,1300,4,14
0.54542,1325,4,14
0.53955,1350,4,14
0.45229,1375,4,14
0.49225,1400,4,14
0.50958,1425,4,14
0.54856,1450,4,14
0.5675,1475,4,14
0.52757,1500,4,14
0.54386,1525,4,14
0.50039,1550,4,14
0.52133,1575,4,14
0.502,1600,4,14
0.49135,1625,4,14
0.5317,1650,4,14
0.43174,1675,4,14
0.47061,1700,4,14
0.45018,1725,4,14
0.54532,1750,4,14
0.47511,1775,4,14
0.4941,1800,4,14
0.52212,1825,4,14
0.52584,1850,4,14
0.54545,1875,4,14
0.75989,1900,4,14
0.61739,1925,4,14
0.42192,1950,4,14
0.44247,1975,4,14
0.45475,2000,4,14
0.8219,25,4,15
0.44519,50,4,15
0.49289,75,4,15
0.66754,100,4,15
0.6476,125,4,15
0.59008,150,4,15
0.64533,175,4,15
0.62779,200,4,15
0.50988,225,4,15
0.60097,250,4,15
0.56593,275,4,15
0.53671,300,4,15
0.49319,325,4,15
0.6359,350,4,15
0.58012,375,4,15
0.57324,400,4,15
0.73022,425,4,15
0.61297,450,4,15
0.51719,475,4,15
0.5951,500,4,15
0.51898,525,4,15
0.51988,550,4,15
0.48666,575,4,15
0.52727,600,4,15
0.54355,625,4,15
0.51879,650,4,15
0.50233,675,4,15
0.52228,700,4,15
0.55172,725,4,15
0.5634,750,4,15
0.48732,775,4,15
0.46828,800,4,15
0.59824,825,4,15
0.5599,850,4,15
0.48398,875,4,15
0.45921,900,4,15
0.46551,925,4,15
0.48326,950,4,15
0.47149,975,4,15
0.48543,1000,4,15
0.52744,1025,4,15
0.52434,1050,4,15
0.60139,1075,4,15
0.55396,1100,4,15
0.5751,1125,4,15
0.5839,1150,4,15
0.50076,1175,4,15
0.56005,1200,4,15
0.47654,1225,4,15
0.5116,1250,4,15
0.48733,1275,4,15
0.71778,1300,4,15
0.58711,1325,4,15
0.52115,1350,4,15
0.49968,1375,4,15
0.628,1400,4,15
0.5058,1425,4,15
0.48156,1450,4,15
0.56871,1475,4,15
0.50662,1500,4,15
0.55896,1525,4,15
0.50222,1550,4,15
0.53746,1575,4,15
0.4962,1600,4,15
0.54794,1625,4,15
0.59229,1650,4,15
0.56092,1675,4,15
0.53462,1700,4,15
0.53847,1725,4,15
0.54118,1750,4,15
0.49166,1775,4,15
0.53366,1800,4,15
0.47609,1825,4,15
0.46809,1850,4,15
0.48483,1875,4,15
0.46425,1900,4,15
0.51089,1925,4,15
0.51643,1950,4,15
0.5025,1975,4,15
0.51215,2000,4,15
0.7404,100,4,16
1.6437,150,4,16
0.68531,175,4,16
0.68453,200,4,16
1.3636,225,4,16
0.49479,450,4,16
0.76936,475,4,16
1.0639,500,4,16
0.74207,525,4,16
1.121,550,4,16
0.74396,575,4,16
0.68575,600,4,16
0.94877,625,4,16
0.90799,675,4,16
0.87756,700,4,16
0.66697,725,4,16
1.0711,775,4,16
0.84103,800,4,16
0.83215,825,4,16
0.62958,850,4,16
0.81022,900,4,16
0.78243,950,4,16
1.0278,975,4,16
0.78523,1000,4,16
0.61266,1025,4,16
0.89813,1050,4,16
0.80695,1075,4,16
0.77142,1100,4,16
0.64114,1125,4,16
0.64992,1150,4,16
0.77995,1175,4,16
0.60733,1200,4,16
0.96101,1275,4,16
0.89741,1300,4,16
0.71373,1325,4,16
0.81254,1350,4,16
0.69401,1375,4,16
0.94849,1400,4,16
0.42912,1425,4,16
0.88288,1450,4,16
0.78319,1475,4,16
0.7529,1500,4,16
0.73019,1525,4,16
0.75858,1550,4,16
0.86558,1575,4,16
0.65512,1600,4,16
0.727,1625,4,16
0.75986,1650,4,16
0.66165,1675,4,16
0.66258,1700,4,16
0.73287,1725,4,16
0.65994,1750,4,16
0.57332,1800,4,16
0.71738,1825,4,16
0.77821,1850,4,16
0.77016,1875,4,16
0.99999,1900,4,16
0.90069,1925,4,16
1.1413,1950,4,16
0.54092,1975,4,16
0.81953,125,4,17
0.53104,150,4,17
0.54181,175,4,17
0.37507,200,4,17
0.53779,225,4,17
0.54318,275,4,17
0.60725,300,4,17
0.69617,325,4,17
0.57805,350,4,17
0.6112,375,4,17
0.62714,400,4,17
0.69186,425,4,17
0.6101,450,4,17
0.48796,475,4,17
0.59848,500,4,17
0.67687,525,4,17
0.66313,550,4,17
0.61973,575,4,17
0.4913,600,4,17
0.71315,625,4,17
0.70226,650,4,17
0.8954,675,4,17
0.66421,700,4,17
0.77403,725,4,17
0.59797,750,4,17
1.7044,775,4,17
0.7116,800,4,17
0.54107,825,4,17
0.83648,850,4,17
0.66016,875,4,17
0.66586,900,4,17
0.5698,925,4,17
0.67253,950,4,17
0.67237,975,4,17
0.59097,1000,4,17
0.73366,1025,4,17
0.50271,1050,4,17
0.58166,1075,4,17
0.47994,1100,4,17
0.63198,1125,4,17
0.52241,1150,4,17
0.53844,1175,4,17
0.49127,1200,4,17
0.59532,1225,4,17
0.74488,1250,4,17
0.67741,1275,4,17
0.70072,1300,4,17
0.58295,1325,4,17
0.56509,1350,4,17
0.55512,1375,4,17
0.50582,1400,4,17
0.66023,1425,4,17
0.67396,1450,4,17
0.48171,1475,4,17
0.68264,1500,4,17
0.53702,1525,4,17
0.6436,1550,4,17
0.54618,1575,4,17
0.58517,1600,4,17
0.63105,1625,4,17
0.64009,1650,4,17
0.58699,1675,4,17
0.63244,1700,4,17
0.65325,1725,4,17
0.65128,1750,4,17
0.6019,1775,4,17
0.64678,1800,4,17
0.64393,1825,4,17
0.61356,1850,4,17
0.7233,1875,4,17
0.58963,1925,4,17
0.65906,1950,4,17
0.56196,1975,4,17
0.70928,2000,4,17
0.87832,25,4,18
0.7803,50,4,18
0.48545,75,4,18
0.49203,100,4,18
0.60195,125,4,18
0.8808,150,4,18
0.61778,175,4,18
1.0927,200,4,18
0.65388,225,4,18
0.68221,275,4,18
0.90343,300,4,18
0.59501,325,4,18
0.74283,425,4,18
0.92827,450,4,18
0.76844,475,4,18
0.73666,500,4,18
0.73876,525,4,18
0.80153,550,4,18
0.64577,575,4,18
0.6525,600,4,18
0.77819,625,4,18
0.7891,650,4,18
0.75942,675,4,18
0.72667,700,4,18
0.83872,725,4,18
0.75944,750,4,18
0.99297,775,4,18
0.61019,800,4,18
0.68885,825,4,18
0.62146,850,4,18
0.56767,875,4,18
0.57268,900,4,18
0.54027,925,4,18
0.55952,950,4,18
0.61736,975,4,18
0.61796,1000,4,18
0.59727,1025,4,18
0.67853,1050,4,18
0.68665,1075,4,18
0.84686,1100,4,18
0.85509,1125,4,18
0.87763,1150,4,18
0.6713,1175,4,18
0.71842,1200,4,18
0.71843,1225,4,18
0.56856,1250,4,18
0.61392,1275,4,18
0.55901,1300,4,18
0.75805,1325,4,18
0.66158,1350,4,18
0.59731,1375,4,18
0.66806,1400,4,18
0.75803,1425,4,18
0.69472,1450,4,18
0.69831,1475,4,18
0.74472,1500,4,18
0.72196,1525,4,18
0.61116,1550,4,18
0.64751,1575,4,18
0.67174,1600,4,18
0.69934,1625,4,18
0.64601,1650,4,18
0.65339,1675,4,18
0.61868,1700,4,18
0.4878,1725,4,18
0.64396,1750,4,18
0.6273,1775,4,18
0.56004,1800,4,18
0.75397,1825,4,18
0.57261,1850,4,18
0.73735,1875,4,18
0.8434,1900,4,18
0.80713,1925,4,18
0.80432,1950,4,18
0.60909,1975,4,18
0.62225,2000,4,18
1.569,75,4,19
1.0641,575,4,19
1.0683,600,4,19
1.3681,650,4,19
0.60078,675,4,19
0.82416,700,4,19
0.74653,725,4,19
0.60734,775,4,19
0.77489,875,4,19
0.77389,900,4,19
0.68609,925,4,19
0.92089,950,4,19
0.79927,975,4,19
0.77196,1000,4,19
0.95086,1025,4,19
0.61444,1050,4,19
0.69255,1075,4,19
0.88233,1100,4,19
0.86353,1125,4,19
0.62717,1150,4,19
0.77483,1175,4,19
0.80135,1200,4,19
0.81016,1225,4,19
0.78905,1250,4,19
1.1165,1275,4,19
0.91482,1300,4,19
0.84631,1325,4,19
0.92419,1350,4,19
0.77831,1375,4,19
0.89586,1400,4,19
1.0002,1425,4,19
0.76813,1450,4,19
0.83964,1475,4,19
0.61414,1500,4,19
0.68243,1525,4,19
0.63692,1550,4,19
0.63378,1575,4,19
0.64861,1600,4,19
0.75833,1625,4,19
0.73409,1650,4,19
0.82573,1675,4,19
0.76623,1700,4,19
0.86472,1725,4,19
0.72567,1750,4,19
1.0409,1775,4,19
0.86084,1800,4,19
0.76901,1850,4,19
0.95578,1875,4,19
0.82333,1900,4,19
0.75497,1925,4,19
0.98196,1950,4,19
0.81599,1975,4,19
0.91596,2000,4,19
0.43095,175,4,20
0.474,200,4,20
0.73986,225,4,20
0.82364,250,4,20
0.72935,300,4,20
0.64319,325,4,20
1.0625,350,4,20
0.65466,375,4,20
0.56517,400,4,20
0.68908,425,4,20
0.72144,450,4,20
0.68107,475,4,20
0.66162,500,4,20
0.55578,525,4,20
0.67902,550,4,20
0.58359,575,4,20
0.59603,600,4,20
0.39929,625,4,20
0.67065,650,4,20
0.5589,675,4,20
0.69337,700,4,20
0.5291,725,4,20
0.77199,750,4,20
0.66591,775,4,20
0.50466,800,4,20
0.62325,825,4,20
0.61318,850,4,20
0.67435,875,4,20
0.61136,900,4,20
0.43968,925,4,20
0.48213,950,4,20
0.58895,975,4,20
0.5424,1000,4,20
0.499,1025,4,20
0.62044,1050,4,20
0.51132,1075,4,20
0.52339,1100,4,20
0.70756,1125,4,20
0.48279,1150,4,20
0.474,1175,4,20
0.58536,1200,4,20
0.47517,1225,4,20
0.48586,1250,4,20
0.53682,1275,4,20
0.50137,1300,4,20
0.40739,1325,4,20
0.44078,1350,4,20
0.54909,1375,4,20
0.47837,1400,4,20
0.57725,1425,4,20
0.50324,1450,4,20
0.51963,1475,4,20
0.50422,1500,4,20
0.52328,1525,4,20
0.54862,1550,4,20
0.51926,1575,4,20
0.4406,1600,4,20
0.47384,1625,4,20
0.50201,1650,4,20
0.51724,1675,4,20
0.47613,1700,4,20
0.48012,1725,4,20
0.53391,1750,4,20
0.49492,1775,4,20
0.52195,1800,4,20
0.5544,1825,4,20
0.51413,1850,4,20
0.55959,1875,4,20
0.60175,1900,4,20
0.51846,1925,4,20
0.45834,1950,4,20
0.49735,1975,4,20
0.41685,2000,4,20
