0.0016682,1,1,2
-0.0019556,1,1,3
0.0030312,1,1,5
0.0011565,1,1,6
-0.0031782,1,1,7
-3.8177e-06,1,1,10
-0.0023016,1,1,11
0.0015598,1,1,13
-0.0014451,1,1,14
-0.0022087,1,1,17
0.00033666,1,1,21
-0.00056746,2,1,22
-0.00063667,2,1,23
-0.0020932,2,1,24
-0.00027644,2,1,25
-0.0012242,2,1,28
-0.00028257,2,1,30
0.0013719,2,1,31
-0.0012648,2,1,32
-0.00040497,2,1,34
0.0013127,2,1,35
0.0020821,2,1,36
0.00076555,2,1,38
0.00073153,2,1,39
0.0013232,2,1,41
-0.00076329,3,1,42
-0.0040288,3,1,43
-0.0041571,3,1,44
-0.00026806,3,1,45
-0.00025564,3,1,46
0.00045892,3,1,47
0.0015677,3,1,48
0.0012116,3,1,49
0.00037302,3,1,50
0.0015165,3,1,51
-0.00050516,3,1,52
-0.00081419,3,1,53
0.0027366,3,1,54
0.0014437,3,1,55
0.0022247,3,1,56
-0.0018082,3,1,57
0.0016474,3,1,59
-0.00065736,3,1,60
0.00091103,3,1,61
0.0012072,4,1,62
0.0010786,4,1,63
0.0023743,4,1,64
0.0011182,4,1,65
-9.4706e-05,4,1,66
-0.00017123,4,1,67
7.4493e-05,4,1,68
-0.0011973,4,1,69
0.00034248,4,1,70
0.00071258,4,1,71
0.0011237,4,1,72
0.00054644,4,1,74
-0.00021492,4,1,75
-0.00018003,4,1,76
-0.0010862,4,1,77
-0.0030704,4,1,78
-0.00090715,4,1,79
-0.0041591,4,1,80
0.00088976,4,1,81
